          k = 0.5000 0.5000 0.5000 (  1568 PWs)   bands (ev):

     1.6484   2.2370   7.5664   7.5664   8.6142   9.0387   9.0387  10.8691
    10.8691  14.0969  14.3777  14.3777  15.0394  21.5816  21.5816  22.3251
    23.3259  23.9737

     occupation numbers
     1.0000   1.0000   1.0000   1.0000   1.0000   1.0000   1.0000   1.0000
     1.0000   0.0146   0.0028   0.0028   0.0000   0.0000   0.0000   0.0000
     0.0000   0.0000

          k = 0.4900 0.4900 0.4900 (  1568 PWs)   bands (ev):

     1.6205   2.2666   7.5662   7.5662   8.6161   9.0375   9.0375  10.8723
    10.8723  14.0960  14.3787  14.3787  15.0406  21.5629  21.5629  22.2880
    23.3649  23.9937

     occupation numbers
     1.0000   1.0000   1.0000   1.0000   1.0000   1.0000   1.0000   1.0000
     1.0000   0.0147   0.0028   0.0028   0.0000   0.0000   0.0000   0.0000
     0.0000   0.0000

          k = 0.4800 0.4800 0.4800 (  1562 PWs)   bands (ev):

     1.5493   2.3430   7.5666   7.5666   8.6265   9.0458   9.0458  10.8819
    10.8819  14.0931  14.3827  14.3827  15.0458  21.5088  21.5088  22.1905
    23.4683  24.0533

     occupation numbers
     1.0000   1.0000   1.0000   1.0000   1.0000   1.0000   1.0000   1.0000
     1.0000   0.0149   0.0028   0.0028   0.0000   0.0000   0.0000   0.0000
     0.0000   0.0000