          k = 0.5000 0.5000 0.5000 (  1568 PWs)   bands (ev):

     1.6484   2.2370   7.5664   7.5664   8.6142   9.0387   9.0387  10.8691
    10.8691  14.0969  14.3777  14.3777  15.0394  21.5816  21.5816  22.3251
    23.3259  23.9737

     occupation numbers
     1.0000   1.0000   1.0000   1.0000   1.0000   1.0000   1.0000   1.0000
     1.0000   0.0146   0.0028   0.0028   0.0000   0.0000   0.0000   0.0000
     0.0000   0.0000

          k = 0.4900 0.4900 0.4900 (  1568 PWs)   bands (ev):

     1.6205   2.2666   7.5662   7.5662   8.6161   9.0375   9.0375  10.8723
    10.8723  14.0960  14.3787  14.3787  15.0406  21.5629  21.5629  22.2880
    23.3649  23.9937

     occupation numbers
     1.0000   1.0000   1.0000   1.0000   1.0000   1.0000   1.0000   1.0000
     1.0000   0.0147   0.0028   0.0028   0.0000   0.0000   0.0000   0.0000
     0.0000   0.0000

          k = 0.4800 0.4800 0.4800 (  1562 PWs)   bands (ev):

     1.5493   2.3430   7.5666   7.5666   8.6265   9.0458   9.0458  10.8819
    10.8819  14.0931  14.3827  14.3827  15.0458  21.5088  21.5088  22.1905
    23.4683  24.0533

     occupation numbers
     1.0000   1.0000   1.0000   1.0000   1.0000   1.0000   1.0000   1.0000
     1.0000   0.0149   0.0028   0.0028   0.0000   0.0000   0.0000   0.0000
     0.0000   0.0000

          k = 0.4700 0.4700 0.4700 (  1562 PWs)   bands (ev):

     1.4543   2.4463   7.5653   7.5653   8.6358   9.0393   9.0393  10.8978
    10.8978  14.0883  14.3873  14.3873  15.0516  21.4238  21.4238  22.0565
    23.6119  24.1446

     occupation numbers
     1.0000   1.0000   1.0000   1.0000   1.0000   1.0000   1.0000   1.0000
     1.0000   0.0153   0.0027   0.0027   0.0000   0.0000   0.0000   0.0000
     0.0000   0.0000

          k = 0.4600 0.4600 0.4600 (  1562 PWs)   bands (ev):

     1.3482   2.5640   7.5635   7.5635   8.6488   9.0307   9.0307  10.9198
    10.9198  14.0816  14.3938  14.3938  15.0597  21.3139  21.3139  21.9032
    23.7784  24.2628

     occupation numbers
     1.0000   1.0000   1.0000   1.0000   1.0000   1.0000   1.0000   1.0000
     1.0000   0.0158   0.0026   0.0026   0.0000   0.0000   0.0000   0.0000
     0.0000   0.0000

          k = 0.4500 0.4500 0.4500 (  1568 PWs)   bands (ev):

     1.2367   2.6897   7.5611   7.5611   8.6491   9.0139   9.0139  10.9474
    10.9474  14.0723  14.4020  14.4020  15.0641  21.1850  21.1850  21.7400
    23.9583  24.4008

     occupation numbers
     1.0000   1.0000   1.0000   1.0000   1.0000   1.0000   1.0000   1.0000
     1.0000   0.0166   0.0024   0.0024   0.0000   0.0000   0.0000   0.0000
     0.0000   0.0000

          k = 0.4400 0.4400 0.4400 (  1568 PWs)   bands (ev):

     1.1236   2.8208   7.5582   7.5582   8.6694   9.0016   9.0016  10.9806
    10.9806  14.0612  14.4123  14.4123  15.0772  21.0421  21.0421  21.5720
    24.1462  24.5539

     occupation numbers
     1.0000   1.0000   1.0000   1.0000   1.0000   1.0000   1.0000   1.0000
     1.0000   0.0176   0.0023   0.0023   0.0000   0.0000   0.0000   0.0000
     0.0000   0.0000

          k = 0.4300 0.4300 0.4300 (  1574 PWs)   bands (ev):

     1.0100   2.9555   7.5520   7.5520   8.6927   8.9759   8.9759  11.0185
    11.0185  14.0479  14.4225  14.4225  15.0927  20.8886  20.8886  21.4020
    24.3391  24.7151

     occupation numbers
     1.0000   1.0000   1.0000   1.0000   1.0000   1.0000   1.0000   1.0000
     1.0000   0.0188   0.0021   0.0021   0.0000   0.0000   0.0000   0.0000
     0.0000   0.0000

          k = 0.4200 0.4200 0.4200 (  1580 PWs)   bands (ev):

     0.8969   3.0927   7.5433   7.5433   8.7206   8.9516   8.9516  11.0609
    11.0609  14.0323  14.4335  14.4335  15.1109  20.7279  20.7279  21.2316
    24.5348  24.8804

     occupation numbers
     1.0000   1.0000   1.0000   1.0000   1.0000   1.0000   1.0000   1.0000
     1.0000   0.0203   0.0020   0.0020   0.0000   0.0000   0.0000   0.0000
     0.0000   0.0000

          k = 0.4100 0.4100 0.4100 (  1580 PWs)   bands (ev):

     0.7849   3.2317   7.5384   7.5384   8.7528   8.9364   8.9364  11.1082
    11.1082  14.0144  14.4496  14.4496  15.1320  20.5627  20.5627  21.0618
    24.7318  25.0443

     occupation numbers
     1.0000   1.0000   1.0000   1.0000   1.0000   1.0000   1.0000   1.0000
     1.0000   0.0222   0.0018   0.0018   0.0000   0.0000   0.0000   0.0000
     0.0000   0.0000

          k = 0.4000 0.4000 0.4000 (  1586 PWs)   bands (ev):

     0.6742   3.3709   7.5328   7.5328   8.7671   8.9181   8.9181  11.1594
    11.1594  13.9923  14.4677  14.4677  15.1494  20.3940  20.3940  20.8927
    24.9287  25.1973

     occupation numbers
     1.0000   1.0000   1.0000   1.0000   1.0000   1.0000   1.0000   1.0000
     1.0000   0.0248   0.0016   0.0016   0.0000   0.0000   0.0000   0.0000
     0.0000   0.0000

          k = 0.3900 0.3900 0.3900 (  1586 PWs)   bands (ev):

     0.5654   3.5121   7.5265   7.5265   8.8069   8.9026   8.9026  11.2144
    11.2144  13.9693  14.4879  14.4879  15.1761  20.2235  20.2235  20.7256
    25.1240  25.3275

     occupation numbers
     1.0000   1.0000   1.0000   1.0000   1.0000   1.0000   1.0000   0.9999
     0.9999   0.0277   0.0014   0.0014   0.0000   0.0000   0.0000   0.0000
     0.0000   0.0000

          k = 0.3800 0.3800 0.3800 (  1585 PWs)   bands (ev):

     0.4586   3.6541   7.5196   7.5196   8.8551   8.8874   8.8874  11.2728
    11.2728  13.9441  14.5102  14.5102  15.2066  20.0518  20.0518  20.5606
    25.3159  25.4168

     occupation numbers
     1.0000   1.0000   1.0000   1.0000   1.0000   1.0000   1.0000   0.9999
     0.9999   0.0312   0.0012   0.0012   0.0000   0.0000   0.0000   0.0000
     0.0000   0.0000

          k = 0.3700 0.3700 0.3700 (  1579 PWs)   bands (ev):

     0.3538   3.7963   7.5160   7.5160   8.8820   8.8820   8.9038  11.3351
    11.3351  13.9162  14.5381  14.5381  15.2389  19.8803  19.8803  20.3975
    25.4451  25.4451

     occupation numbers
     1.0000   1.0000   1.0000   1.0000   1.0000   1.0000   1.0000   0.9998
     0.9998   0.0355   0.0010   0.0010   0.0000   0.0000   0.0000   0.0000
     0.0000   0.0000

          k = 0.3600 0.3600 0.3600 (  1579 PWs)   bands (ev):

     0.2512   3.9384   7.5075   7.5075   8.8681   8.8681   8.9564  11.3994
    11.3994  13.8858  14.5646  14.5646  15.2737  19.7086  19.7086  20.2366
    25.4021  25.4021

     occupation numbers
     1.0000   1.0000   1.0000   1.0000   1.0000   1.0000   1.0000   0.9997
     0.9997   0.0407   0.0008   0.0008   0.0000   0.0000   0.0000   0.0000
     0.0000   0.0000

          k = 0.3500 0.3500 0.3500 (  1585 PWs)   bands (ev):

     0.1509   4.0803   7.4967   7.4967   8.8418   8.8418   9.0136  11.4659
    11.4659  13.8530  14.5901  14.5901  15.3112  19.5370  19.5370  20.0780
    25.2971  25.2971

     occupation numbers
     1.0000   1.0000   1.0000   1.0000   1.0000   1.0000   1.0000   0.9995
     0.9995   0.0471   0.0007   0.0007   0.0000   0.0000   0.0000   0.0000
     0.0000   0.0000

          k = 0.3400 0.3400 0.3400 (  1585 PWs)   bands (ev):

     0.0529   4.2217   7.4867   7.4867   8.8297   8.8297   9.0754  11.5350
    11.5350  13.8178  14.6210  14.6210  15.3514  19.3670  19.3670  19.9216
    25.1492  25.1492

     occupation numbers
     1.0000   1.0000   1.0000   1.0000   1.0000   1.0000   1.0000   0.9992
     0.9992   0.0547   0.0005   0.0005   0.0000   0.0000   0.0000   0.0000
     0.0000   0.0000

          k = 0.3300 0.3300 0.3300 (  1588 PWs)   bands (ev):

    -0.0426   4.3624   7.4760   7.4760   8.8107   8.8107   9.1423  11.6057
    11.6057  13.7804  14.6533  14.6533  15.3943  19.1979  19.1979  19.7675
    24.9746  24.9746

     occupation numbers
     1.0000   1.0000   1.0000   1.0000   1.0000   1.0000   1.0000   0.9986
     0.9986   0.0639   0.0004   0.0004   0.0000   0.0000   0.0000   0.0000
     0.0000   0.0000

          k = 0.3200 0.3200 0.3200 (  1576 PWs)   bands (ev):

    -0.1357   4.5024   7.4770   7.4770   8.8116   8.8116   9.2161  11.6833
    11.6833  13.7410  14.6929  14.6929  15.4399  19.0332  19.0332  19.6158
    24.7844  24.7844

     occupation numbers
     1.0000   1.0000   1.0000   1.0000   1.0000   1.0000   1.0000   0.9977
     0.9977   0.0747   0.0003   0.0003   0.0000   0.0000   0.0000   0.0000
     0.0000   0.0000

          k = 0.3100 0.3100 0.3100 (  1570 PWs)   bands (ev):

    -0.2263   4.6407   7.4710   7.4710   8.8092   8.8092   9.2921  11.7611
    11.7611  13.6992  14.7317  14.7317  15.4874  18.8698  18.8698  19.4659
    24.5850  24.5850

     occupation numbers
     1.0000   1.0000   1.0000   1.0000   1.0000   1.0000   1.0000   0.9963
     0.9963   0.0878   0.0002   0.0002   0.0000   0.0000   0.0000   0.0000
     0.0000   0.0000

          k = 0.3000 0.3000 0.3000 (  1573 PWs)   bands (ev):

    -0.3142   4.7772   7.4584   7.4584   8.7942   8.7942   9.3724  11.8372
    11.8372  13.6554  14.7704  14.7704  15.5371  18.7065  18.7065  19.3178
    24.3799  24.3799

     occupation numbers
     1.0000   1.0000   1.0000   1.0000   1.0000   1.0000   1.0000   0.9941
     0.9941   0.1032   0.0002   0.0002   0.0000   0.0000   0.0000   0.0000
     0.0000   0.0000

          k = 0.2900 0.2900 0.2900 (  1573 PWs)   bands (ev):

    -0.3996   4.9121   7.4453   7.4453   8.7874   8.7874   9.4585  11.9147
    11.9147  13.6099  14.8124  14.8124  15.5890  18.5459  18.5459  19.1716
    24.1721  24.1721

     occupation numbers
     1.0000   1.0000   1.0000   1.0000   1.0000   1.0000   1.0000   0.9907
     0.9907   0.1213   0.0001   0.0001   0.0000   0.0000   0.0000   0.0000
     0.0000   0.0000

          k = 0.2800 0.2800 0.2800 (  1573 PWs)   bands (ev):

    -0.4823   5.0449   7.4318   7.4318   8.7821   8.7821   9.5499  11.9934
    11.9934  13.5627  14.8566  14.8566  15.6430  18.3878  18.3878  19.0270
    23.9628  23.9628

     occupation numbers
     1.0000   1.0000   1.0000   1.0000   1.0000   1.0000   1.0000   0.9858
     0.9858   0.1422   0.0001   0.0001   0.0000   0.0000   0.0000   0.0000
     0.0000   0.0000

          k = 0.2700 0.2700 0.2700 (  1564 PWs)   bands (ev):

    -0.5624   5.1775   7.4282   7.4282   8.7806   8.7806   9.6550  12.0751
    12.0751  13.5154  14.9095  14.9095  15.7000  18.2328  18.2328  18.8850
    23.7535  23.7535

     occupation numbers
     1.0000   1.0000   1.0000   1.0000   1.0000   1.0000   1.0000   0.9784
     0.9784   0.1655   0.0001   0.0001   0.0000   0.0000   0.0000   0.0000
     0.0000   0.0000

          k = 0.2600 0.2600 0.2600 (  1564 PWs)   bands (ev):

    -0.6397   5.3055   7.4137   7.4137   8.7782   8.7782   9.7567  12.1557
    12.1557  13.4656  14.9577  14.9577  15.7574  18.0805  18.0805  18.7429
    23.5444  23.5444

     occupation numbers
     1.0000   1.0000   1.0000   1.0000   1.0000   1.0000   1.0000   0.9682
     0.9682   0.1925   0.0000   0.0000   0.0000   0.0000   0.0000   0.0000
     0.0000   0.0000

          k = 0.2500 0.2500 0.2500 (  1558 PWs)   bands (ev):

    -0.7143   5.4335   7.4002   7.4002   8.7842   8.7842   9.8732  12.2382
    12.2382  13.4159  15.0080  15.0080  15.8173  17.9323  17.9323  18.6030
    23.3366  23.3366

     occupation numbers
     1.0000   1.0000   1.0000   1.0000   1.0000   1.0000   1.0000   0.9538
     0.9538   0.2220   0.0000   0.0000   0.0000   0.0000   0.0000   0.0000
     0.0000   0.0000

          k = 0.2400 0.2400 0.2400 (  1558 PWs)   bands (ev):

    -0.7861   5.5558   7.3854   7.3854   8.7841   8.7841   9.9850  12.3201
    12.3201  13.3644  15.0596  15.0596  15.8775  17.7867  17.7867  18.4625
    23.1298  23.1298

     occupation numbers
     1.0000   1.0000   1.0000   1.0000   1.0000   1.0000   1.0000   0.9348
     0.9348   0.2551   0.0000   0.0000   0.0000   0.0000   0.0000   0.0000
     0.0000   0.0000

          k = 0.2300 0.2300 0.2300 (  1555 PWs)   bands (ev):

    -0.8552   5.6760   7.3705   7.3705   8.7905   8.7905  10.1048  12.4029
    12.4029  13.3129  15.1128  15.1128  15.9392  17.6456  17.6456  18.3227
    22.9253  22.9253

     occupation numbers
     1.0000   1.0000   1.0000   1.0000   1.0000   1.0000   1.0000   0.9100
     0.9100   0.2907   0.0000   0.0000   0.0000   0.0000   0.0000   0.0000
     0.0000   0.0000

          k = 0.2200 0.2200 0.2200 (  1555 PWs)   bands (ev):

    -0.9214   5.7916   7.3556   7.3556   8.7923   8.7923  10.2264  12.4858
    12.4858  13.2611  15.1664  15.1664  16.0014  17.5086  17.5086  18.1824
    22.7224  22.7224

     occupation numbers
     1.0000   1.0000   1.0000   1.0000   1.0000   1.0000   1.0000   0.8786
     0.8786   0.3287   0.0000   0.0000   0.0000   0.0000   0.0000   0.0000
     0.0000   0.0000

          k = 0.2100 0.2100 0.2100 (  1552 PWs)   bands (ev):

    -0.9848   5.9051   7.3420   7.3420   8.7987   8.7987  10.3563  12.5701
    12.5701  13.2101  15.2201  15.2201  16.0643  17.3773  17.3773  18.0428
    22.5221  22.5221

     occupation numbers
     1.0000   1.0000   1.0000   1.0000   1.0000   1.0000   1.0000   0.8396
     0.8396   0.3678   0.0000   0.0000   0.0000   0.0000   0.0000   0.0000
     0.0000   0.0000

          k = 0.2000 0.2000 0.2000 (  1552 PWs)   bands (ev):

    -1.0454   6.0131   7.3274   7.3274   8.8021   8.8021  10.4863  12.6537
    12.6537  13.1598  15.2731  15.2731  16.1273  17.2513  17.2513  17.9016
    22.3242  22.3242

     occupation numbers
     1.0000   1.0000   1.0000   1.0000   1.0000   1.0000   1.0000   0.7936
     0.7936   0.4079   0.0000   0.0000   0.0000   0.0000   0.0000   0.0000
     0.0000   0.0000

          k = 0.1900 0.1900 0.1900 (  1552 PWs)   bands (ev):

    -1.1032   6.1170   7.3131   7.3131   8.8062   8.8062  10.6202  12.7377
    12.7377  13.1110  15.3241  15.3241  16.1899  17.1324  17.1324  17.7597
    22.1291  22.1291

     occupation numbers
     1.0000   1.0000   1.0000   1.0000   1.0000   1.0000   1.0000   0.7403
     0.7403   0.4476   0.0000   0.0000   0.0000   0.0000   0.0000   0.0000
     0.0000   0.0000

          k = 0.1800 0.1800 0.1800 (  1552 PWs)   bands (ev):

    -1.1580   6.2168   7.2991   7.2991   8.8109   8.8109  10.7575  12.8220
    12.8220  13.0647  15.3717  15.3717  16.2517  17.0220  17.0220  17.6169
    21.9371  21.9371

     occupation numbers
     1.0000   1.0000   1.0000   1.0000   1.0000   1.0000   1.0000   0.6805
     0.6805   0.4859   0.0000   0.0000   0.0000   0.0000   0.0000   0.0000
     0.0000   0.0000

          k = 0.1700 0.1700 0.1700 (  1552 PWs)   bands (ev):

    -1.2100   6.3123   7.2855   7.2855   8.8162   8.8162  10.8973  12.9066
    12.9066  13.0216  15.4136  15.4136  16.3118  16.9222  16.9222  17.4736
    21.7486  21.7486

     occupation numbers
     1.0000   1.0000   1.0000   1.0000   1.0000   1.0000   1.0000   0.6154
     0.6154   0.5217   0.0000   0.0000   0.0000   0.0000   0.0000   0.0000
     0.0000   0.0000

          k = 0.1600 0.1600 0.1600 (  1552 PWs)   bands (ev):

    -1.2590   6.4033   7.2724   7.2724   8.8218   8.8218  11.0386  12.9829
    12.9915  12.9915  15.4472  15.4472  16.3687  16.8354  16.8354  17.3304
    21.5637  21.5637

     occupation numbers
     1.0000   1.0000   1.0000   1.0000   1.0000   1.0000   1.0000   0.5536
     0.5465   0.5465   0.0000   0.0000   0.0000   0.0000   0.0000   0.0000
     0.0000   0.0000

          k = 0.1500 0.1500 0.1500 (  1546 PWs)   bands (ev):

    -1.3051   6.4923   7.2635   7.2635   8.8351   8.8351  11.1832  12.9502
    13.0790  13.0790  15.4700  15.4700  16.4205  16.7657  16.7657  17.1900
    21.3839  21.3839

     occupation numbers
     1.0000   1.0000   1.0000   1.0000   1.0000   1.0000   0.9999   0.5804
     0.4741   0.4741   0.0000   0.0000   0.0000   0.0000   0.0000   0.0000
     0.0000   0.0000

          k = 0.1400 0.1400 0.1400 (  1546 PWs)   bands (ev):

    -1.3484   6.5742   7.2515   7.2515   8.8410   8.8410  11.3224  12.9253
    13.1645  13.1645  15.4777  15.4777  16.4611  16.7135  16.7135  17.0553
    21.2075  21.2075

     occupation numbers
     1.0000   1.0000   1.0000   1.0000   1.0000   1.0000   0.9998   0.6004
     0.4041   0.4041   0.0000   0.0000   0.0000   0.0000   0.0000   0.0000
     0.0000   0.0000

          k = 0.1300 0.1300 0.1300 (  1546 PWs)   bands (ev):

    -1.3886   6.6513   7.2402   7.2402   8.8470   8.8470  11.4572  12.9111
    13.2503  13.2503  15.4683  15.4683  16.4789  16.6821  16.6821  16.9387
    21.0360  21.0360

     occupation numbers
     1.0000   1.0000   1.0000   1.0000   1.0000   1.0000   0.9995   0.6118
     0.3368   0.3368   0.0000   0.0000   0.0000   0.0000   0.0000   0.0000
     0.0000   0.0000

          k = 0.1200 0.1200 0.1200 (  1543 PWs)   bands (ev):

    -1.4260   6.7306   7.2297   7.2297   8.8534   8.8534  11.5907  12.9111
    13.3366  13.3366  15.4409  15.4409  16.4534  16.6721  16.6721  16.8633
    20.8700  20.8700

     occupation numbers
     1.0000   1.0000   1.0000   1.0000   1.0000   1.0000   0.9988   0.6118
     0.2741   0.2741   0.0000   0.0000   0.0000   0.0000   0.0000   0.0000
     0.0000   0.0000

          k = 0.1100 0.1100 0.1100 (  1543 PWs)   bands (ev):

    -1.4603   6.7979   7.2198   7.2198   8.8594   8.8594  11.7045  12.9293
    13.4232  13.4232  15.3964  15.3964  16.3654  16.6819  16.6819  16.8413
    20.7099  20.7099

     occupation numbers
     1.0000   1.0000   1.0000   1.0000   1.0000   1.0000   0.9974   0.5972
     0.2175   0.2175   0.0000   0.0000   0.0000   0.0000   0.0000   0.0000
     0.0000   0.0000

          k = 0.1000 0.1000 0.1000 (  1543 PWs)   bands (ev):

    -1.4917   6.8599   7.2107   7.2107   8.8653   8.8653  11.8018  12.9702
    13.5102  13.5102  15.3375  15.3375  16.2338  16.7082  16.7082  16.8566
    20.5566  20.5566

     occupation numbers
     1.0000   1.0000   1.0000   1.0000   1.0000   1.0000   0.9952   0.5640
     0.1681   0.1681   0.0000   0.0000   0.0000   0.0000   0.0000   0.0000
     0.0000   0.0000

          k = 0.0900 0.0900 0.0900 (  1546 PWs)   bands (ev):

    -1.5202   6.9143   7.2000   7.2000   8.8688   8.8688  11.8780  13.0361
    13.5963  13.5963  15.2666  15.2666  16.0790  16.7469  16.7469  16.8876
    20.4104  20.4104

     occupation numbers
     1.0000   1.0000   1.0000   1.0000   1.0000   1.0000   0.9925   0.5096
     0.1271   0.1271   0.0000   0.0000   0.0000   0.0000   0.0000   0.0000
     0.0000   0.0000

          k = 0.0800 0.0800 0.0800 (  1546 PWs)   bands (ev):

    -1.5456   6.9655   7.1925   7.1925   8.8742   8.8742  11.9353  13.1288
    13.6842  13.6842  15.1879  15.1879  15.9133  16.7944  16.7944  16.9236
    20.2733  20.2733

     occupation numbers
     1.0000   1.0000   1.0000   1.0000   1.0000   1.0000   0.9896   0.4331
     0.0929   0.0929   0.0000   0.0000   0.0000   0.0000   0.0000   0.0000
     0.0000   0.0000

          k = 0.0700 0.0700 0.0700 (  1546 PWs)   bands (ev):

    -1.5681   7.0112   7.1860   7.1860   8.8793   8.8793  11.9742  13.2455
    13.7725  13.7725  15.1035  15.1035  15.7403  16.8469  16.8469  16.9598
    20.1460  20.1460

     occupation numbers
     1.0000   1.0000   1.0000   1.0000   1.0000   1.0000   0.9872   0.3405
     0.0659   0.0659   0.0000   0.0000   0.0000   0.0000   0.0000   0.0000
     0.0000   0.0000

          k = 0.0600 0.0600 0.0600 (  1546 PWs)   bands (ev):

    -1.5876   7.0512   7.1803   7.1803   8.8840   8.8840  11.9985  13.3821
    13.8611  13.8611  15.0155  15.0155  15.5624  16.9008  16.9008  16.9938
    20.0301  20.0301

     occupation numbers
     1.0000   1.0000   1.0000   1.0000   1.0000   1.0000   0.9854   0.2435
     0.0454   0.0454   0.0000   0.0000   0.0000   0.0000   0.0000   0.0000
     0.0000   0.0000

          k = 0.0500 0.0500 0.0500 (  1555 PWs)   bands (ev):

    -1.6041   7.0781   7.1678   7.1678   8.8822   8.8822  12.0114  13.5309
    13.9452  13.9452  14.9229  14.9229  15.3782  16.9530  16.9530  17.0243
    19.9260  19.9260

     occupation numbers
     1.0000   1.0000   1.0000   1.0000   1.0000   1.0000   0.9844   0.1576
     0.0310   0.0310   0.0000   0.0000   0.0000   0.0000   0.0000   0.0000
     0.0000   0.0000

          k = 0.0400 0.0400 0.0400 (  1549 PWs)   bands (ev):

    -1.6176   7.1067   7.1700   7.1700   8.8924   8.8924  12.0188  13.6939
    14.0369  14.0369  14.8345  14.8345  15.1949  17.0010  17.0010  17.0504
    19.8391  19.8391

     occupation numbers
     1.0000   1.0000   1.0000   1.0000   1.0000   1.0000   0.9838   0.0896
     0.0199   0.0199   0.0001   0.0001   0.0000   0.0000   0.0000   0.0000
     0.0000   0.0000

          k = 0.0300 0.0300 0.0300 (  1546 PWs)   bands (ev):

    -1.6281   7.1295   7.1709   7.1709   8.8972   8.8972  12.0221  13.8645
    14.1259  14.1259  14.7465  14.7465  15.0112  17.0417  17.0417  17.0712
    19.7682  19.7682

     occupation numbers
     1.0000   1.0000   1.0000   1.0000   1.0000   1.0000   0.9835   0.0448
     0.0125   0.0125   0.0002   0.0002   0.0000   0.0000   0.0000   0.0000
     0.0000   0.0000

          k = 0.0200 0.0200 0.0200 (  1546 PWs)   bands (ev):

    -1.6356   7.1519   7.1654   7.1654   8.9001   8.9001  12.0232  14.0415
    14.2060  14.2060  14.6614  14.6614  14.8313  17.0727  17.0727  17.0865
    19.7157  19.7157

     occupation numbers
     1.0000   1.0000   1.0000   1.0000   1.0000   1.0000   0.9834   0.0194
     0.0080   0.0080   0.0004   0.0004   0.0001   0.0000   0.0000   0.0000
     0.0000   0.0000

          k = 0.0100 0.0100 0.0100 (  1546 PWs)   bands (ev):

    -1.6401   7.1617   7.1644   7.1644   8.9020   8.9020  12.0233  14.2083
    14.2756  14.2756  14.5907  14.5907  14.6599  17.0922  17.0922  17.0957
    19.6835  19.6835

     occupation numbers
     1.0000   1.0000   1.0000   1.0000   1.0000   1.0000   0.9834   0.0079
     0.0053   0.0053   0.0007   0.0007   0.0004   0.0000   0.0000   0.0000
     0.0000   0.0000

          k = 0.0000 0.0000 0.0000 (  1591 PWs)   bands (ev):

    -1.6416   7.1405   7.1405   7.1405   8.8383   8.8383  12.0233  14.2859
    14.2859  14.2859  14.5587  14.5587  14.5587  17.0989  17.0989  17.0989
    19.6583  19.6583

     occupation numbers
     1.0000   1.0000   1.0000   1.0000   1.0000   1.0000   0.9834   0.0050
     0.0050   0.0050   0.0008   0.0008   0.0008   0.0000   0.0000   0.0000
     0.0000   0.0000

          k = 0.0000 0.0000 0.0000 (  1591 PWs)   bands (ev):

    -1.6416   7.1405   7.1405   7.1405   8.8383   8.8383  12.0233  14.2859
    14.2859  14.2859  14.5587  14.5587  14.5587  17.0989  17.0989  17.0989
    19.6583  19.6583

     occupation numbers
     1.0000   1.0000   1.0000   1.0000   1.0000   1.0000   0.9834   0.0050
     0.0050   0.0050   0.0008   0.0008   0.0008   0.0000   0.0000   0.0000
     0.0000   0.0000

          k = 0.0200 0.0000 0.0000 (  1555 PWs)   bands (ev):

    -1.6396   7.1489   7.1736   7.1736   8.8608   8.8839  12.0233  14.2123
    14.2123  14.3027  14.5504  14.6649  14.6649  17.0721  17.1014  17.1014
    19.6638  19.6973

     occupation numbers
     1.0000   1.0000   1.0000   1.0000   1.0000   1.0000   0.9834   0.0077
     0.0077   0.0045   0.0009   0.0004   0.0004   0.0000   0.0000   0.0000
     0.0000   0.0000

          k = 0.0400 0.0000 0.0000 (  1547 PWs)   bands (ev):

    -1.6336   7.1399   7.1761   7.1761   8.8857   8.8883  12.0233  14.0434
    14.0434  14.3218  14.5255  14.8441  14.8441  16.9959  17.1090  17.1090
    19.6709  19.7801

     occupation numbers
     1.0000   1.0000   1.0000   1.0000   1.0000   1.0000   0.9834   0.0192
     0.0192   0.0040   0.0011   0.0001   0.0001   0.0000   0.0000   0.0000
     0.0000   0.0000

          k = 0.0600 0.0000 0.0000 (  1543 PWs)   bands (ev):

    -1.6236   7.1459   7.1629   7.1629   8.8878   8.9081  12.0247  13.8575
    13.8575  14.3719  14.4839  15.0312  15.0312  16.8801  17.1217  17.1217
    19.6769  19.9071

     occupation numbers
     1.0000   1.0000   1.0000   1.0000   1.0000   1.0000   0.9833   0.0462
     0.0462   0.0030   0.0014   0.0000   0.0000   0.0000   0.0000   0.0000
     0.0000   0.0000

          k = 0.0800 0.0000 0.0000 (  1543 PWs)   bands (ev):

    -1.6096   7.1237   7.1632   7.1632   8.8778   8.9099  12.0256  13.6794
    13.6794  14.4144  14.4253  15.2277  15.2277  16.7361  17.1396  17.1396
    19.6796  20.0639

     occupation numbers
     1.0000   1.0000   1.0000   1.0000   1.0000   1.0000   0.9832   0.0945
     0.0945   0.0022   0.0021   0.0000   0.0000   0.0000   0.0000   0.0000
     0.0000   0.0000

          k = 0.1000 0.0000 0.0000 (  1543 PWs)   bands (ev):

    -1.5916   7.0959   7.1638   7.1638   8.8654   8.9126  12.0268  13.5031
    13.5031  14.3497  14.4687  15.4277  15.4277  16.5746  17.1630  17.1630
    19.6831  20.2424

     occupation numbers
     1.0000   1.0000   1.0000   1.0000   1.0000   1.0000   0.9831   0.1719
     0.1719   0.0034   0.0016   0.0000   0.0000   0.0000   0.0000   0.0000
     0.0000   0.0000

          k = 0.1200 0.0000 0.0000 (  1551 PWs)   bands (ev):

    -1.5696   7.0553   7.1607   7.1607   8.8461   8.9028  12.0268  13.3266
    13.3266  14.2567  14.5286  15.6289  15.6289  16.4040  17.1921  17.1921
    19.6847  20.4333

     occupation numbers
     1.0000   1.0000   1.0000   1.0000   1.0000   1.0000   0.9831   0.2810
     0.2810   0.0060   0.0010   0.0000   0.0000   0.0000   0.0000   0.0000
     0.0000   0.0000

          k = 0.1400 0.0000 0.0000 (  1551 PWs)   bands (ev):

    -1.5436   7.0170   7.1622   7.1622   8.8287   8.9069  12.0279  13.1551
    13.1551  14.1462  14.6058  15.8334  15.8334  16.2316  17.2273  17.2273
    19.6899  20.6318

     occupation numbers
     1.0000   1.0000   1.0000   1.0000   1.0000   1.0000   0.9830   0.4117
     0.4117   0.0112   0.0006   0.0000   0.0000   0.0000   0.0000   0.0000
     0.0000   0.0000

          k = 0.1600 0.0000 0.0000 (  1551 PWs)   bands (ev):

    -1.5136   6.9740   7.1641   7.1641   8.8088   8.9118  12.0291  12.9864
    12.9864  14.0183  14.6938  16.0388  16.0388  16.0620  17.2694  17.2694
    19.6959  20.8323

     occupation numbers
     1.0000   1.0000   1.0000   1.0000   1.0000   1.0000   0.9829   0.5507
     0.5507   0.0218   0.0003   0.0000   0.0000   0.0000   0.0000   0.0000
     0.0000   0.0000

          k = 0.1800 0.0000 0.0000 (  1551 PWs)   bands (ev):

    -1.4797   6.9268   7.1665   7.1665   8.7862   8.9174  12.0304  12.8205
    12.8205  13.8735  14.7921  15.8987  16.2440  16.2440  17.3195  17.3195
    19.7027  21.0310

     occupation numbers
     1.0000   1.0000   1.0000   1.0000   1.0000   1.0000   0.9828   0.6816
     0.6816   0.0430   0.0001   0.0000   0.0000   0.0000   0.0000   0.0000
     0.0000   0.0000

          k = 0.2000 0.0000 0.0000 (  1547 PWs)   bands (ev):

    -1.4418   6.8758   7.1745   7.1745   8.7624   8.9276  12.0318  12.6606
    12.6606  13.7127  14.9004  15.7441  16.4487  16.4487  17.3793  17.3793
    19.7111  21.2258

     occupation numbers
     1.0000   1.0000   1.0000   1.0000   1.0000   1.0000   0.9827   0.7895
     0.7895   0.0834   0.0001   0.0000   0.0000   0.0000   0.0000   0.0000
     0.0000   0.0000

          k = 0.2200 0.0000 0.0000 (  1547 PWs)   bands (ev):

    -1.3999   6.8215   7.1777   7.1777   8.7342   8.9346  12.0332  12.5006
    12.5006  13.5373  15.0181  15.5990  16.6466  16.6466  17.4517  17.4517
    19.7195  21.4142

     occupation numbers
     1.0000   1.0000   1.0000   1.0000   1.0000   1.0000   0.9825   0.8723
     0.8723   0.1544   0.0000   0.0000   0.0000   0.0000   0.0000   0.0000
     0.0000   0.0000

          k = 0.2400 0.0000 0.0000 (  1551 PWs)   bands (ev):

    -1.3541   6.7561   7.1811   7.1811   8.6986   8.9422  12.0292  12.3431
    12.3431  13.3489  15.1399  15.4633  16.8347  16.8347  17.5411  17.5411
    19.7286  21.5949

     occupation numbers
     1.0000   1.0000   1.0000   1.0000   1.0000   1.0000   0.9829   0.9285
     0.9285   0.2656   0.0000   0.0000   0.0000   0.0000   0.0000   0.0000
     0.0000   0.0000

          k = 0.2600 0.0000 0.0000 (  1555 PWs)   bands (ev):

    -1.3044   6.6965   7.1815   7.1815   8.6572   8.9493  12.0301  12.1863
    12.1863  13.1494  15.2755  15.3369  17.0064  17.0064  17.6532  17.6532
    19.7383  21.7673

     occupation numbers
     1.0000   1.0000   1.0000   1.0000   1.0000   1.0000   0.9828   0.9633
     0.9633   0.4162   0.0000   0.0000   0.0000   0.0000   0.0000   0.0000
     0.0000   0.0000

          k = 0.2800 0.0000 0.0000 (  1555 PWs)   bands (ev):

    -1.2507   6.6349   7.1865   7.1865   8.6193   8.9582  12.0312  12.0350
    12.0350  12.9417  15.2208  15.4192  17.1588  17.1588  17.7932  17.7932
    19.7490  21.9325

     occupation numbers
     1.0000   1.0000   1.0000   1.0000   1.0000   1.0000   0.9827   0.9824
     0.9824   0.5872   0.0000   0.0000   0.0000   0.0000   0.0000   0.0000
     0.0000   0.0000

          k = 0.3000 0.0000 0.0000 (  1555 PWs)   bands (ev):

    -1.1932   6.5716   7.1921   7.1921   8.5778   8.9676  11.8867  11.8867
    12.0323  12.7276  15.1130  15.5705  17.2894  17.2894  17.9622  17.9622
    19.7604  22.0896

     occupation numbers
     1.0000   1.0000   1.0000   1.0000   1.0000   1.0000   0.9921   0.9921
     0.9826   0.7471   0.0000   0.0000   0.0000   0.0000   0.0000   0.0000
     0.0000   0.0000

          k = 0.3200 0.0000 0.0000 (  1559 PWs)   bands (ev):

    -1.1317   6.5047   7.1938   7.1938   8.5318   8.9776  11.7381  11.7381
    12.0312  12.5092  15.0129  15.7279  17.4015  17.4015  18.1554  18.1554
    19.7726  22.2390

     occupation numbers
     1.0000   1.0000   1.0000   1.0000   1.0000   1.0000   0.9968   0.9968
     0.9827   0.8685   0.0000   0.0000   0.0000   0.0000   0.0000   0.0000
     0.0000   0.0000

          k = 0.3400 0.0000 0.0000 (  1559 PWs)   bands (ev):

    -1.0664   6.4392   7.2008   7.2008   8.4822   8.9881  11.5956  11.5956
    12.0323  12.2885  14.9198  15.8932  17.5031  17.5031  18.3678  18.3678
    19.7854  22.3813

     occupation numbers
     1.0000   1.0000   1.0000   1.0000   1.0000   1.0000   0.9987   0.9987
     0.9826   0.9428   0.0000   0.0000   0.0000   0.0000   0.0000   0.0000
     0.0000   0.0000

          k = 0.3600 0.0000 0.0000 (  1559 PWs)   bands (ev):

    -0.9972   6.3731   7.2084   7.2084   8.4280   8.9991  11.4561  11.4561
    12.0334  12.0673  14.8331  16.0649  17.5981  17.5981  18.5937  18.5937
    19.7989  22.5172

     occupation numbers
     1.0000   1.0000   1.0000   1.0000   1.0000   1.0000   0.9995   0.9995
     0.9825   0.9792   0.0001   0.0000   0.0000   0.0000   0.0000   0.0000
     0.0000   0.0000

          k = 0.3800 0.0000 0.0000 (  1559 PWs)   bands (ev):

    -0.9242   6.3065   7.2150   7.2150   8.3736   9.0106  11.3179  11.3179
    11.8481  12.0345  14.7534  16.2426  17.6899  17.6899  18.8291  18.8291
    19.8131  22.6478

     occupation numbers
     1.0000   1.0000   1.0000   1.0000   1.0000   1.0000   0.9998   0.9998
     0.9937   0.9824   0.0002   0.0000   0.0000   0.0000   0.0000   0.0000
     0.0000   0.0000

          k = 0.4000 0.0000 0.0000 (  1559 PWs)   bands (ev):

    -0.8474   6.2401   7.2242   7.2242   8.3077   9.0224  11.1843  11.1843
    11.6308  12.0359  14.6776  16.4260  17.7811  17.7811  19.0726  19.0726
    19.8279  22.7732

     occupation numbers
     1.0000   1.0000   1.0000   1.0000   1.0000   1.0000   0.9999   0.9999
     0.9984   0.9823   0.0004   0.0000   0.0000   0.0000   0.0000   0.0000
     0.0000   0.0000

          k = 0.4200 0.0000 0.0000 (  1559 PWs)   bands (ev):

    -0.7669   6.1740   7.2342   7.2342   8.2358   9.0345  11.0536  11.0536
    11.4175  12.0373  14.6067  16.6148  17.8729  17.8729  19.3221  19.3221
    19.8433  22.8947

     occupation numbers
     1.0000   1.0000   1.0000   1.0000   1.0000   1.0000   1.0000   1.0000
     0.9996   0.9822   0.0006   0.0000   0.0000   0.0000   0.0000   0.0000
     0.0000   0.0000

          k = 0.4400 0.0000 0.0000 (  1571 PWs)   bands (ev):

    -0.6825   6.1014   7.2358   7.2358   8.1563   9.0354  10.9175  10.9175
    11.2096  12.0274  14.5400  16.8062  17.9649  17.9649  19.5750  19.5750
    19.8573  23.0130

     occupation numbers
     1.0000   1.0000   1.0000   1.0000   1.0000   1.0000   1.0000   1.0000
     0.9999   0.9830   0.0010   0.0000   0.0000   0.0000   0.0000   0.0000
     0.0000   0.0000

          k = 0.4600 0.0000 0.0000 (  1587 PWs)   bands (ev):

    -0.5945   6.0348   7.2322   7.2322   8.0591   9.0428  10.7777  10.7777
    11.0038  12.0252  14.4741  17.0042  18.0581  18.0581  19.8309  19.8309
    19.8730  23.1282

     occupation numbers
     1.0000   1.0000   1.0000   1.0000   1.0000   1.0000   1.0000   1.0000
     1.0000   0.9832   0.0015   0.0000   0.0000   0.0000   0.0000   0.0000
     0.0000   0.0000

          k = 0.4800 0.0000 0.0000 (  1587 PWs)   bands (ev):

    -0.5028   5.9710   7.2449   7.2449   7.9658   9.0552  10.6549  10.6549
    10.8103  12.0261  14.4159  17.2072  18.1553  18.1553  19.8899  20.0944
    20.0944  23.2425

     occupation numbers
     1.0000   1.0000   1.0000   1.0000   1.0000   1.0000   1.0000   1.0000
     1.0000   0.9832   0.0022   0.0000   0.0000   0.0000   0.0000   0.0000
     0.0000   0.0000

          k = 0.5000 0.0000 0.0000 (  1587 PWs)   bands (ev):

    -0.4074   5.9083   7.2586   7.2586   7.8642   9.0678  10.5351  10.5351
    10.6260  12.0271  14.3615  17.4141  18.2549  18.2549  19.9072  20.3615
    20.3615  23.3557

     occupation numbers
     1.0000   1.0000   1.0000   1.0000   1.0000   1.0000   1.0000   1.0000
     1.0000   0.9831   0.0032   0.0000   0.0000   0.0000   0.0000   0.0000
     0.0000   0.0000

          k = 0.5200 0.0000 0.0000 (  1587 PWs)   bands (ev):

    -0.3085   5.8470   7.2733   7.2733   7.7537   9.0804  10.4182  10.4182
    10.4519  12.0281  14.3108  17.6248  18.3569  18.3569  19.9248  20.6320
    20.6320  23.4683

     occupation numbers
     1.0000   1.0000   1.0000   1.0000   1.0000   1.0000   1.0000   1.0000
     1.0000   0.9830   0.0043   0.0000   0.0000   0.0000   0.0000   0.0000
     0.0000   0.0000

          k = 0.5400 0.0000 0.0000 (  1587 PWs)   bands (ev):

    -0.2060   5.7871   7.2890   7.2890   7.6339   9.0931  10.2886  10.3044
    10.3044  12.0292  14.2636  17.8390  18.4614  18.4614  19.9428  20.9056
    20.9056  23.5808

     occupation numbers
     1.0000   1.0000   1.0000   1.0000   1.0000   1.0000   1.0000   1.0000
     1.0000   0.9829   0.0057   0.0000   0.0000   0.0000   0.0000   0.0000
     0.0000   0.0000

          k = 0.5600 0.0000 0.0000 (  1572 PWs)   bands (ev):

    -0.1001   5.7323   7.3168   7.3168   7.5135   9.1071  10.1462  10.2064
    10.2064  12.0376  14.2250  18.0568  18.5700  18.5700  19.9610  21.1840
    21.1840  23.6945

     occupation numbers
     1.0000   1.0000   1.0000   1.0000   1.0000   1.0000   1.0000   1.0000
     1.0000   0.9821   0.0072   0.0000   0.0000   0.0000   0.0000   0.0000
     0.0000   0.0000

          k = 0.5800 0.0000 0.0000 (  1572 PWs)   bands (ev):

     0.0093   5.6758   7.3341   7.3341   7.3740   9.1197  10.0065  10.0985
    10.0985  12.0387  14.1842  18.2767  18.6794  18.6794  19.9793  21.4625
    21.4625  23.8077

     occupation numbers
     1.0000   1.0000   1.0000   1.0000   1.0000   1.0000   1.0000   1.0000
     1.0000   0.9820   0.0091   0.0000   0.0000   0.0000   0.0000   0.0000
     0.0000   0.0000

          k = 0.6000 0.0000 0.0000 (  1580 PWs)   bands (ev):

     0.1220   5.6194   7.2258   7.3463   7.3463   9.1217   9.8783   9.9854
     9.9854  12.0353  14.1464  18.4988  18.7902  18.7902  19.9967  21.7415
    21.7415  23.9220

     occupation numbers
     1.0000   1.0000   1.0000   1.0000   1.0000   1.0000   1.0000   1.0000
     1.0000   0.9823   0.0112   0.0000   0.0000   0.0000   0.0000   0.0000
     0.0000   0.0000

          k = 0.6200 0.0000 0.0000 (  1580 PWs)   bands (ev):

     0.2380   5.5668   7.0697   7.3658   7.3658   9.1337   9.7615   9.8832
     9.8832  12.0362  14.1115  18.7233  18.9042  18.9042  20.0150  22.0231
    22.0231  24.0373

     occupation numbers
     1.0000   1.0000   1.0000   1.0000   1.0000   1.0000   1.0000   1.0000
     1.0000   0.9823   0.0135   0.0000   0.0000   0.0000   0.0000   0.0000
     0.0000   0.0000

          k = 0.6400 0.0000 0.0000 (  1580 PWs)   bands (ev):

     0.3570   5.5165   6.9063   7.3864   7.3864   9.1455   9.6555   9.7842
     9.7842  12.0373  14.0794  18.9495  19.0202  19.0202  20.0333  22.3050
    22.3050  24.1541

     occupation numbers
     1.0000   1.0000   1.0000   1.0000   1.0000   1.0000   1.0000   1.0000
     1.0000   0.9822   0.0160   0.0000   0.0000   0.0000   0.0000   0.0000
     0.0000   0.0000

          k = 0.6600 0.0000 0.0000 (  1580 PWs)   bands (ev):

     0.4791   5.4683   6.7368   7.4081   7.4081   9.1570   9.5598   9.6882
     9.6882  12.0383  14.0498  19.1381  19.1381  19.1769  20.0514  22.5859
    22.5859  24.2725

     occupation numbers
     1.0000   1.0000   1.0000   1.0000   1.0000   1.0000   1.0000   1.0000
     1.0000   0.9821   0.0186   0.0000   0.0000   0.0000   0.0000   0.0000
     0.0000   0.0000

          k = 0.6800 0.0000 0.0000 (  1580 PWs)   bands (ev):

     0.6041   5.4226   6.5621   7.4307   7.4307   9.1681   9.4735   9.5955
     9.5955  12.0393  14.0228  19.2577  19.2577  19.4050  20.0692  22.8638
    22.8638  24.3925

     occupation numbers
     1.0000   1.0000   1.0000   1.0000   1.0000   1.0000   1.0000   1.0000
     1.0000   0.9820   0.0213   0.0000   0.0000   0.0000   0.0000   0.0000
     0.0000   0.0000

          k = 0.7000 0.0000 0.0000 (  1580 PWs)   bands (ev):

     0.7318   5.3792   6.3835   7.4544   7.4544   9.1789   9.3959   9.5060
     9.5060  12.0404  13.9981  19.3787  19.3787  19.6333  20.0866  23.1354
    23.1354  24.5143

     occupation numbers
     1.0000   1.0000   1.0000   1.0000   1.0000   1.0000   1.0000   1.0000
     1.0000   0.9819   0.0241   0.0000   0.0000   0.0000   0.0000   0.0000
     0.0000   0.0000

          k = 0.7200 0.0000 0.0000 (  1580 PWs)   bands (ev):

     0.8619   5.3384   6.2020   7.4789   7.4789   9.1893   9.3264   9.4199
     9.4199  12.0414  13.9757  19.5007  19.5007  19.8610  20.1036  23.3953
    23.3953  24.6379

     occupation numbers
     1.0000   1.0000   1.0000   1.0000   1.0000   1.0000   1.0000   1.0000
     1.0000   0.9818   0.0269   0.0000   0.0000   0.0000   0.0000   0.0000
     0.0000   0.0000

          k = 0.7400 0.0000 0.0000 (  1580 PWs)   bands (ev):

     0.9943   5.3001   6.0179   7.5050   7.5050   9.1995   9.2600   9.3390
     9.3390  12.0424  13.9535  19.6236  19.6236  20.0875  20.1199  23.6344
    23.6344  24.7632

     occupation numbers
     1.0000   1.0000   1.0000   1.0000   1.0000   1.0000   1.0000   1.0000
     1.0000   0.9817   0.0298   0.0000   0.0000   0.0000   0.0000   0.0000
     0.0000   0.0000

          k = 0.7600 0.0000 0.0000 (  1584 PWs)   bands (ev):

     1.1285   5.2670   5.8313   7.5295   7.5295   9.1882   9.2077   9.2565
     9.2565  12.0509  13.9279  19.7460  19.7460  20.1356  20.3120  23.8374
    23.8374  24.8902

     occupation numbers
     1.0000   1.0000   1.0000   1.0000   1.0000   1.0000   1.0000   1.0000
     1.0000   0.9809   0.0336   0.0000   0.0000   0.0000   0.0000   0.0000
     0.0000   0.0000

          k = 0.7800 0.0000 0.0000 (  1584 PWs)   bands (ev):

     1.2643   5.2340   5.6480   7.5558   7.5558   9.1374   9.1809   9.1809
     9.2165  12.0518  13.9108  19.8683  19.8683  20.1505  20.5329  23.9835
    23.9835  25.0193

     occupation numbers
     1.0000   1.0000   1.0000   1.0000   1.0000   1.0000   1.0000   1.0000
     1.0000   0.9808   0.0364   0.0000   0.0000   0.0000   0.0000   0.0000
     0.0000   0.0000

          k = 0.8000 0.0000 0.0000 (  1592 PWs)   bands (ev):

     1.4009   5.2027   5.4660   7.5799   7.5799   9.0913   9.1009   9.1009
     9.2060  12.0499  13.8950  19.9885  19.9885  20.1640  20.7491  24.0547
    24.0547  25.1499

     occupation numbers
     1.0000   1.0000   1.0000   1.0000   1.0000   1.0000   1.0000   1.0000
     1.0000   0.9810   0.0391   0.0000   0.0000   0.0000   0.0000   0.0000
     0.0000   0.0000

          k = 0.8200 0.0000 0.0000 (  1592 PWs)   bands (ev):

     1.5377   5.1751   5.2870   7.6069   7.6069   9.0332   9.0332   9.0516
     9.2132  12.0507  13.8815  20.1073  20.1073  20.1772  20.9591  24.0526
    24.0526  25.2820

     occupation numbers
     1.0000   1.0000   1.0000   1.0000   1.0000   1.0000   1.0000   1.0000
     1.0000   0.9809   0.0415   0.0000   0.0000   0.0000   0.0000   0.0000
     0.0000   0.0000

          k = 0.8400 0.0000 0.0000 (  1592 PWs)   bands (ev):

     1.6738   5.1122   5.1504   7.6337   7.6337   8.9701   8.9701   9.0169
     9.2198  12.0514  13.8697  20.1892  20.2227  20.2227  21.1609  23.9979
    23.9979  25.4151

     occupation numbers
     1.0000   1.0000   1.0000   1.0000   1.0000   1.0000   1.0000   1.0000
     1.0000   0.9808   0.0437   0.0000   0.0000   0.0000   0.0000   0.0000
     0.0000   0.0000

          k = 0.8600 0.0000 0.0000 (  1592 PWs)   bands (ev):

     1.8078   4.9444   5.1267   7.6593   7.6593   8.9095   8.9095   8.9986
     9.2215  12.0468  13.8651  20.1999  20.3330  20.3330  21.3519  23.9142
    23.9142  25.5487

     occupation numbers
     1.0000   1.0000   1.0000   1.0000   1.0000   1.0000   1.0000   1.0000
     1.0000   0.9813   0.0446   0.0000   0.0000   0.0000   0.0000   0.0000
     0.0000   0.0000

          k = 0.8800 0.0000 0.0000 (  1592 PWs)   bands (ev):

     1.9379   4.7834   5.1076   7.6841   7.6841   8.8564   8.8564   8.9729
     9.2266  12.0473  13.8564  20.2095  20.4369  20.4369  21.5295  23.8186
    23.8186  25.6816

     occupation numbers
     1.0000   1.0000   1.0000   1.0000   1.0000   1.0000   1.0000   1.0000
     1.0000   0.9812   0.0464   0.0000   0.0000   0.0000   0.0000   0.0000
     0.0000   0.0000

          k = 0.9000 0.0000 0.0000 (  1584 PWs)   bands (ev):

     2.0615   4.6336   5.0927   7.7087   7.7087   8.8237   8.8237   8.9568
     9.2317  12.0515  13.8516  20.2178  20.5334  20.5334  21.6902  23.7225
    23.7225  25.8126

     occupation numbers
     1.0000   1.0000   1.0000   1.0000   1.0000   1.0000   1.0000   1.0000
     1.0000   0.9808   0.0473   0.0000   0.0000   0.0000   0.0000   0.0000
     0.0000   0.0000

          k = 0.9200 0.0000 0.0000 (  1588 PWs)   bands (ev):

     2.1752   4.4967   5.0794   7.7285   7.7285   8.7820   8.7820   8.9259
     9.2352  12.0517  13.8392  20.2246  20.6169  20.6169  21.8301  23.6337
    23.6337  25.9390

     occupation numbers
     1.0000   1.0000   1.0000   1.0000   1.0000   1.0000   1.0000   1.0000
     1.0000   0.9808   0.0499   0.0000   0.0000   0.0000   0.0000   0.0000
     0.0000   0.0000

          k = 0.9400 0.0000 0.0000 (  1588 PWs)   bands (ev):

     2.2742   4.3804   5.0690   7.7452   7.7452   8.7497   8.7497   8.9122
     9.2380  12.0518  13.8345  20.2300  20.6864  20.6864  21.9451  23.5580
    23.5580  26.0568

     occupation numbers
     1.0000   1.0000   1.0000   1.0000   1.0000   1.0000   1.0000   1.0000
     1.0000   0.9808   0.0510   0.0000   0.0000   0.0000   0.0000   0.0000
     0.0000   0.0000

          k = 0.9600 0.0000 0.0000 (  1588 PWs)   bands (ev):

     2.3525   4.2898   5.0616   7.7579   7.7579   8.7260   8.7260   8.9025
     9.2399  12.0519  13.8311  20.2339  20.7387  20.7387  22.0310  23.5002
    23.5002  26.1583

     occupation numbers
     1.0000   1.0000   1.0000   1.0000   1.0000   1.0000   1.0000   1.0000
     1.0000   0.9808   0.0517   0.0000   0.0000   0.0000   0.0000   0.0000
     0.0000   0.0000

          k = 0.9800 0.0000 0.0000 (  1588 PWs)   bands (ev):

     2.4032   4.2315   5.0571   7.7659   7.7659   8.7114   8.7114   8.8967
     9.2411  12.0520  13.8291  20.2362  20.7714  20.7714  22.0843  23.4639
    23.4639  26.2306

     occupation numbers
     1.0000   1.0000   1.0000   1.0000   1.0000   1.0000   1.0000   1.0000
     1.0000   0.9808   0.0521   0.0000   0.0000   0.0000   0.0000   0.0000
     0.0000   0.0000

          k = 1.0000 0.0000 0.0000 (  1588 PWs)   bands (ev):

     2.4209   4.2113   5.0556   7.7686   7.7686   8.7065   8.7065   8.8947
     9.2415  12.0520  13.8285  20.2370  20.7825  20.7825  22.1023  23.4516
    23.4516  26.2575

     occupation numbers
     1.0000   1.0000   1.0000   1.0000   1.0000   1.0000   1.0000   1.0000
     1.0000   0.9808   0.0523   0.0000   0.0000   0.0000   0.0000   0.0000
     0.0000   0.0000

          k = 1.0000 1.0000 0.0000 (  1588 PWs)   bands (ev):

     2.4209   4.2113   5.0556   7.7686   7.7686   8.7065   8.7065   8.8947
     9.2415  12.0520  13.8285  20.2370  20.7825  20.7825  22.1023  23.4516
    23.4516  26.2575

     occupation numbers
     1.0000   1.0000   1.0000   1.0000   1.0000   1.0000   1.0000   1.0000
     1.0000   0.9808   0.0523   0.0000   0.0000   0.0000   0.0000   0.0000
     0.0000   0.0000

          k = 0.9800 0.9800 0.0000 (  1588 PWs)   bands (ev):

     2.4241   4.2150   5.0446   7.7502   7.7695   8.7053   8.7077   8.9123
     9.2446  12.0606  13.8410  20.0958  20.7619  20.9319  22.1010  23.4190
    23.4318  26.2764

     occupation numbers
     1.0000   1.0000   1.0000   1.0000   1.0000   1.0000   1.0000   1.0000
     1.0000   0.9799   0.0495   0.0000   0.0000   0.0000   0.0000   0.0000
     0.0000   0.0000

          k = 0.9600 0.9600 0.0000 (  1584 PWs)   bands (ev):

     2.4338   4.2264   5.0142   7.7003   7.7725   8.7017   8.7113   8.9645
     9.2608  12.0941  13.8815  19.8363  20.7015  21.2160  22.0964  23.3254
    23.3734  26.3320

     occupation numbers
     1.0000   1.0000   1.0000   1.0000   1.0000   1.0000   1.0000   1.0000
     1.0000   0.9763   0.0415   0.0000   0.0000   0.0000   0.0000   0.0000
     0.0000   0.0000

          k = 0.9400 0.9400 0.0000 (  1584 PWs)   bands (ev):

     2.4499   4.2446   4.9585   7.6312   7.7773   8.6958   8.7175   9.0315
     9.2755  12.1328  13.9466  19.5582  20.6050  21.5351  22.0865  23.1812
    23.2788  26.4208

     occupation numbers
     1.0000   1.0000   1.0000   1.0000   1.0000   1.0000   1.0000   1.0000
     1.0000   0.9714   0.0308   0.0000   0.0000   0.0000   0.0000   0.0000
     0.0000   0.0000

          k = 0.9200 0.9200 0.0000 (  1580 PWs)   bands (ev):

     2.4723   4.2697   4.8832   7.5561   7.7842   8.6875   8.7263   9.1106
     9.3030  12.1910  14.0425  19.2801  20.4774  21.8705  22.0692  22.9991
    23.1520  26.5371

     occupation numbers
     1.0000   1.0000   1.0000   1.0000   1.0000   1.0000   1.0000   1.0000
     1.0000   0.9625   0.0193   0.0000   0.0000   0.0000   0.0000   0.0000
     0.0000   0.0000

          k = 0.9000 0.9000 0.0000 (  1580 PWs)   bands (ev):

     2.5012   4.2994   4.7821   7.4824   7.7933   8.6806   8.7408   9.1779
     9.3396  12.2402  14.1643  19.0073  20.3242  22.0425  22.2173  22.7905
    22.9974  26.4200

     occupation numbers
     1.0000   1.0000   1.0000   1.0000   1.0000   1.0000   1.0000   1.0000
     1.0000   0.9534   0.0101   0.0000   0.0000   0.0000   0.0000   0.0000
     0.0000   0.0000

          k = 0.8800 0.8800 0.0000 (  1586 PWs)   bands (ev):

     2.5364   4.3302   4.6662   7.4182   7.8031   8.6668   8.7452   9.2402
     9.3600  12.2970  14.3190  18.7412  20.1492  22.0042  22.5649  22.5733
    22.8189  26.2341

     occupation numbers
     1.0000   1.0000   1.0000   1.0000   1.0000   1.0000   1.0000   1.0000
     1.0000   0.9407   0.0041   0.0000   0.0000   0.0000   0.0000   0.0000
     0.0000   0.0000

          k = 0.8600 0.8600 0.0000 (  1582 PWs)   bands (ev):

     2.5779   4.3423   4.5582   7.3682   7.8160   8.6579   8.7631   9.2986
     9.4074  12.3617  14.5092  18.4834  19.9586  21.9540  22.3291  22.6219
    22.9379  26.0374

     occupation numbers
     1.0000   1.0000   1.0000   1.0000   1.0000   1.0000   1.0000   1.0000
     1.0000   0.9231   0.0012   0.0000   0.0000   0.0000   0.0000   0.0000
     0.0000   0.0000

          k = 0.8400 0.8400 0.0000 (  1582 PWs)   bands (ev):

     2.6257   4.2687   4.5246   7.3325   7.8299   8.6395   8.7804   9.3468
     9.4517  12.4237  14.7320  18.2333  19.7549  21.8907  22.0883  22.4094
    23.3101  25.8340

     occupation numbers
     1.0000   1.0000   1.0000   1.0000   1.0000   1.0000   1.0000   1.0000
     1.0000   0.9027   0.0002   0.0000   0.0000   0.0000   0.0000   0.0000
     0.0000   0.0000

          k = 0.8200 0.8200 0.0000 (  1582 PWs)   bands (ev):

     2.6797   4.1142   4.5635   7.3117   7.8453   8.6188   8.8005   9.3849
     9.5025  12.4832  14.9861  17.9917  19.5412  21.8141  21.8459  22.1852
    23.6896  25.6271

     occupation numbers
     1.0000   1.0000   1.0000   1.0000   1.0000   1.0000   1.0000   1.0000
     1.0000   0.8797   0.0000   0.0000   0.0000   0.0000   0.0000   0.0000
     0.0000   0.0000

          k = 0.8000 0.8000 0.0000 (  1596 PWs)   bands (ev):

     2.7396   3.9273   4.6251   7.2974   7.8595   8.5935   8.8091   9.3920
     9.5464  12.5243  15.2637  17.7586  19.3188  21.6044  21.7234  21.9512
    24.0762  25.4186

     occupation numbers
     1.0000   1.0000   1.0000   1.0000   1.0000   1.0000   1.0000   1.0000
     1.0000   0.8617   0.0000   0.0000   0.0000   0.0000   0.0000   0.0000
     0.0000   0.0000

          k = 0.7800 0.7800 0.0000 (  1580 PWs)   bands (ev):

     2.8062   3.7295   4.7011   7.3080   7.8831   8.5718   8.8590   9.4262
     9.6338  12.5858  15.5773  17.5351  19.0941  21.3666  21.6221  21.7132
    24.4697  25.2113

     occupation numbers
     1.0000   1.0000   1.0000   1.0000   1.0000   1.0000   1.0000   1.0000
     1.0000   0.8315   0.0000   0.0000   0.0000   0.0000   0.0000   0.0000
     0.0000   0.0000

          k = 0.7600 0.7600 0.0000 (  1580 PWs)   bands (ev):

     2.8784   3.5204   4.7846   7.3265   7.9028   8.5438   8.8865   9.4366
     9.7028  12.6368  15.9096  17.3200  18.8635  21.1329  21.4691  21.5068
    24.8697  25.0062

     occupation numbers
     1.0000   1.0000   1.0000   1.0000   1.0000   1.0000   1.0000   1.0000
     1.0000   0.8035   0.0000   0.0000   0.0000   0.0000   0.0000   0.0000
     0.0000   0.0000

          k = 0.7400 0.7400 0.0000 (  1568 PWs)   bands (ev):

     2.9567   3.3057   4.8764   7.3633   7.9288   8.5269   8.9221   9.4498
     9.7935  12.6980  16.2635  17.1162  18.6307  20.9053  21.2237  21.3803
    24.8051  25.2760

     occupation numbers
     1.0000   1.0000   1.0000   1.0000   1.0000   1.0000   1.0000   1.0000
     1.0000   0.7664   0.0000   0.0000   0.0000   0.0000   0.0000   0.0000
     0.0000   0.0000

          k = 0.7200 0.7200 0.0000 (  1568 PWs)   bands (ev):

     3.0407   3.0865   4.9739   7.4030   7.9513   8.4939   8.9560   9.4466
     9.8752  12.7474  16.6332  16.9191  18.3961  20.6837  20.9756  21.2430
    24.6083  25.6882

     occupation numbers
     1.0000   1.0000   1.0000   1.0000   1.0000   1.0000   1.0000   1.0000
     1.0000   0.7338   0.0000   0.0000   0.0000   0.0000   0.0000   0.0000
     0.0000   0.0000

          k = 0.7000 0.7000 0.0000 (  1572 PWs)   bands (ev):

     2.8652   3.1299   5.0771   7.4495   7.9740   8.4598   8.9794   9.4366
     9.9623  12.7944  16.7313  17.0173  18.1598  20.4693  20.7270  21.0953
    24.4173  26.1060

     occupation numbers
     1.0000   1.0000   1.0000   1.0000   1.0000   1.0000   1.0000   1.0000
     1.0000   0.7007   0.0000   0.0000   0.0000   0.0000   0.0000   0.0000
     0.0000   0.0000

          k = 0.6800 0.6800 0.0000 (  1568 PWs)   bands (ev):

     2.6439   3.2253   5.1860   7.5095   7.9996   8.4225   9.0258   9.4298
    10.0596  12.8477  16.5521  17.4144  17.9253  20.2634  20.4796  20.9412
    24.2333  26.5292

     occupation numbers
     1.0000   1.0000   1.0000   1.0000   1.0000   1.0000   1.0000   1.0000
     1.0000   0.6612   0.0000   0.0000   0.0000   0.0000   0.0000   0.0000
     0.0000   0.0000

          k = 0.6600 0.6600 0.0000 (  1568 PWs)   bands (ev):

     2.4231   3.3259   5.2995   7.5748   8.0249   8.3828   9.0693   9.4119
    10.1616  12.9010  16.3816  17.6911  17.8188  20.0663  20.2335  20.7798
    24.0572  26.9576

     occupation numbers
     1.0000   1.0000   1.0000   1.0000   1.0000   1.0000   1.0000   1.0000
     1.0000   0.6198   0.0000   0.0000   0.0000   0.0000   0.0000   0.0000
     0.0000   0.0000

          k = 0.6400 0.6400 0.0000 (  1572 PWs)   bands (ev):

     2.2040   3.4316   5.4169   7.6467   8.0459   8.3372   9.1141   9.3896
    10.2633  12.9557  16.2188  17.4580  18.2268  19.8809  19.9885  20.6129
    23.8904  27.3540

     occupation numbers
     1.0000   1.0000   1.0000   1.0000   1.0000   1.0000   1.0000   1.0000
     1.0000   0.5758   0.0000   0.0000   0.0000   0.0000   0.0000   0.0000
     0.0000   0.0000

          k = 0.6200 0.6200 0.0000 (  1574 PWs)   bands (ev):

     1.9876   3.5421   5.5381   7.7253   8.0732   8.2921   9.1572   9.3647
    10.3804  13.0148  16.0651  17.2262  18.6280  19.7144  19.7478  20.4414
    23.7349  27.1122

     occupation numbers
     1.0000   1.0000   1.0000   1.0000   1.0000   1.0000   1.0000   1.0000
     1.0000   0.5273   0.0000   0.0000   0.0000   0.0000   0.0000   0.0000
     0.0000   0.0000

          k = 0.6000 0.6000 0.0000 (  1578 PWs)   bands (ev):

     1.7745   3.6571   5.6614   7.8101   8.0991   8.2459   9.2013   9.3355
    10.5018  13.0772  15.9199  16.9964  18.9848  19.5101  19.6010  20.2668
    23.5931  26.6781

     occupation numbers
     1.0000   1.0000   1.0000   1.0000   1.0000   1.0000   1.0000   1.0000
     1.0000   0.4756   0.0000   0.0000   0.0000   0.0000   0.0000   0.0000
     0.0000   0.0000

          k = 0.5800 0.5800 0.0000 (  1568 PWs)   bands (ev):

     1.5656   3.7787   5.7872   7.9093   8.1309   8.2100   9.2782   9.3126
    10.6350  13.1501  15.7865  16.7713  19.1368  19.2775  19.6981  20.0931
    23.4689  26.2252

     occupation numbers
     1.0000   1.0000   1.0000   1.0000   1.0000   1.0000   1.0000   1.0000
     1.0000   0.4157   0.0000   0.0000   0.0000   0.0000   0.0000   0.0000
     0.0000   0.0000

          k = 0.5600 0.5600 0.0000 (  1562 PWs)   bands (ev):

     1.3611   3.9047   5.9131   8.0143   8.1631   8.1657   9.2838   9.3543
    10.7759  13.2260  15.6585  16.5486  19.0497  19.0557  19.9185  20.0252
    23.3676  25.7638

     occupation numbers
     1.0000   1.0000   1.0000   1.0000   1.0000   1.0000   1.0000   1.0000
     1.0000   0.3554   0.0000   0.0000   0.0000   0.0000   0.0000   0.0000
     0.0000   0.0000

          k = 0.5400 0.5400 0.0000 (  1566 PWs)   bands (ev):

     1.1614   4.0334   6.0374   8.1132   8.1207   8.1936   9.2426   9.4179
    10.9168  13.3041  15.5376  16.3277  18.8252  18.9196  19.7425  20.3927
    23.2977  25.2974

     occupation numbers
     1.0000   1.0000   1.0000   1.0000   1.0000   1.0000   1.0000   1.0000
     1.0000   0.2970   0.0000   0.0000   0.0000   0.0000   0.0000   0.0000
     0.0000   0.0000

          k = 0.5200 0.5200 0.0000 (  1568 PWs)   bands (ev):

     0.9670   4.1658   6.1605   8.0653   8.2267   8.2368   9.1980   9.4845
    11.0676  13.3915  15.4254  16.1099  18.6069  18.7748  19.5676  20.7401
    23.2738  24.8293

     occupation numbers
     1.0000   1.0000   1.0000   1.0000   1.0000   1.0000   1.0000   1.0000
     1.0000   0.2374   0.0000   0.0000   0.0000   0.0000   0.0000   0.0000
     0.0000   0.0000

          k = 0.5000 0.5000 0.0000 (  1564 PWs)   bands (ev):

     0.7784   4.3023   6.2789   8.0140   8.2629   8.3686   9.1754   9.5617
    11.2257  13.4829  15.3196  15.8963  18.3947  18.6315  19.3952  21.0381
    23.3175  24.3615

     occupation numbers
     1.0000   1.0000   1.0000   1.0000   1.0000   1.0000   1.0000   1.0000
     0.9999   0.1828   0.0000   0.0000   0.0000   0.0000   0.0000   0.0000
     0.0000   0.0000

          k = 0.4800 0.4800 0.0000 (  1564 PWs)   bands (ev):

     0.5957   4.4420   6.3923   7.9622   8.2948   8.5067   9.1432   9.6438
    11.3868  13.5808  15.2208  15.6864  18.1877  18.4904  19.2255  21.2594
    23.4470  23.8953

     occupation numbers
     1.0000   1.0000   1.0000   1.0000   1.0000   1.0000   1.0000   1.0000
     0.9997   0.1339   0.0000   0.0000   0.0000   0.0000   0.0000   0.0000
     0.0000   0.0000

          k = 0.4600 0.4600 0.0000 (  1564 PWs)   bands (ev):

     0.4191   4.5846   6.4994   7.9102   8.3273   8.6550   9.1127   9.7314
    11.5539  13.6857  15.1288  15.4806  17.9872  18.3529  19.0591  21.3932
    23.4314  23.6707

     occupation numbers
     1.0000   1.0000   1.0000   1.0000   1.0000   1.0000   1.0000   1.0000
     0.9990   0.0924   0.0000   0.0000   0.0000   0.0000   0.0000   0.0000
     0.0000   0.0000

          k = 0.4400 0.4400 0.0000 (  1568 PWs)   bands (ev):

     0.2489   4.7288   6.5990   7.8567   8.3532   8.8109   9.0826   9.8204
    11.7237  13.7979  15.0427  15.2789  17.7924  18.2187  18.8961  21.4496
    22.9706  23.9734

     occupation numbers
     1.0000   1.0000   1.0000   1.0000   1.0000   1.0000   1.0000   1.0000
     0.9970   0.0594   0.0000   0.0000   0.0000   0.0000   0.0000   0.0000
     0.0000   0.0000

          k = 0.4200 0.4200 0.0000 (  1564 PWs)   bands (ev):

     0.0852   4.8766   6.6907   7.8103   8.3871   8.9650   9.0805   9.9237
    11.9024  13.9188  14.9662  15.0824  17.6063  18.0880  18.7382  21.4504
    22.5145  24.3273

     occupation numbers
     1.0000   1.0000   1.0000   1.0000   1.0000   1.0000   1.0000   1.0000
     0.9914   0.0351   0.0000   0.0000   0.0000   0.0000   0.0000   0.0000
     0.0000   0.0000

          k = 0.4000 0.4000 0.0000 (  1558 PWs)   bands (ev):

    -0.0717   5.0280   6.7750   7.7608   8.4218   9.0181   9.1941  10.0423
    12.0862  14.0472  14.8913  14.8939  17.4283  17.9611  18.5857  21.4150
    22.0640  24.6969

     occupation numbers
     1.0000   1.0000   1.0000   1.0000   1.0000   1.0000   1.0000   1.0000
     0.9772   0.0189   0.0001   0.0001   0.0000   0.0000   0.0000   0.0000
     0.0000   0.0000

          k = 0.3800 0.3800 0.0000 (  1562 PWs)   bands (ev):

    -0.2217   5.1790   6.8465   7.7129   8.4430   8.9891   9.3798  10.1585
    12.2704  14.1801  14.7050  14.8280  17.2565  17.8347  18.4374  21.3565
    21.6181  25.0367

     occupation numbers
     1.0000   1.0000   1.0000   1.0000   1.0000   1.0000   1.0000   1.0000
     0.9470   0.0093   0.0003   0.0001   0.0000   0.0000   0.0000   0.0000
     0.0000   0.0000

          k = 0.3600 0.3600 0.0000 (  1562 PWs)   bands (ev):

    -0.3647   5.3291   6.9100   7.6631   8.4762   8.9697   9.5845  10.2750
    12.4624  14.3213  14.5242  14.7658  17.0960  17.7109  18.2939  21.1775
    21.2844  25.2725

     occupation numbers
     1.0000   1.0000   1.0000   1.0000   1.0000   1.0000   1.0000   1.0000
     0.8882   0.0041   0.0011   0.0002   0.0000   0.0000   0.0000   0.0000
     0.0000   0.0000

          k = 0.3400 0.3400 0.0000 (  1562 PWs)   bands (ev):

    -0.5005   5.4790   6.9643   7.6147   8.5095   8.9519   9.8014  10.3979
    12.6575  14.3496  14.4694  14.7087  16.9456  17.5881  18.1557  20.7433
    21.2034  25.0884

     occupation numbers
     1.0000   1.0000   1.0000   1.0000   1.0000   1.0000   1.0000   1.0000
     0.7914   0.0034   0.0016   0.0003   0.0000   0.0000   0.0000   0.0000
     0.0000   0.0000

          k = 0.3200 0.3200 0.0000 (  1566 PWs)   bands (ev):

    -0.6291   5.6271   7.0082   7.5697   8.5326   8.9303  10.0276  10.5246
    12.8528  14.1818  14.6232  14.6577  16.8048  17.4649  18.0227  20.3161
    21.1160  24.6597

     occupation numbers
     1.0000   1.0000   1.0000   1.0000   1.0000   1.0000   1.0000   1.0000
     0.6573   0.0092   0.0005   0.0004   0.0000   0.0000   0.0000   0.0000
     0.0000   0.0000

          k = 0.3000 0.3000 0.0000 (  1566 PWs)   bands (ev):

    -0.7503   5.7742   7.0454   7.5244   8.5648   8.9173  10.2655  10.6594
    13.0511  14.0219  14.6100  14.7836  16.6779  17.3418  17.8951  19.8969
    21.0246  24.2376

     occupation numbers
     1.0000   1.0000   1.0000   1.0000   1.0000   1.0000   1.0000   1.0000
     0.4972   0.0214   0.0006   0.0002   0.0000   0.0000   0.0000   0.0000
     0.0000   0.0000

          k = 0.2800 0.2800 0.0000 (  1560 PWs)   bands (ev):

    -0.8640   5.9189   7.0782   7.4819   8.6093   8.9175  10.5159  10.7999
    13.2506  13.8708  14.5673  14.9488  16.5668  17.2193  17.7719  19.4868
    20.9304  23.8231

     occupation numbers
     1.0000   1.0000   1.0000   1.0000   1.0000   1.0000   1.0000   1.0000
     0.3366   0.0435   0.0008   0.0000   0.0000   0.0000   0.0000   0.0000
     0.0000   0.0000

          k = 0.2600 0.2600 0.0000 (  1560 PWs)   bands (ev):

    -0.9703   6.0602   7.1017   7.4407   8.6403   8.9083  10.7712  10.9454
    13.4448  13.7297  14.5281  15.1179  16.4700  17.0930  17.6521  19.0875
    20.8324  23.4149

     occupation numbers
     1.0000   1.0000   1.0000   1.0000   1.0000   1.0000   1.0000   1.0000
     0.2045   0.0781   0.0010   0.0000   0.0000   0.0000   0.0000   0.0000
     0.0000   0.0000

          k = 0.2400 0.2400 0.0000 (  1556 PWs)   bands (ev):

    -1.0689   6.2010   7.1246   7.3963   8.6789   8.9022  11.0379  11.1018
    13.6007  13.6343  14.4886  15.2891  16.3930  16.9665  17.5338  18.7033
    20.7314  23.0155

     occupation numbers
     1.0000   1.0000   1.0000   1.0000   1.0000   1.0000   1.0000   1.0000
     0.1252   0.1114   0.0014   0.0000   0.0000   0.0000   0.0000   0.0000
     0.0000   0.0000

          k = 0.2200 0.2200 0.0000 (  1556 PWs)   bands (ev):

    -1.1598   6.3332   7.1375   7.3599   8.7080   8.8967  11.2533  11.3072
    13.4860  13.8133  14.4568  15.4589  16.3368  16.8363  17.4101  18.3378
    20.6276  22.6240

     occupation numbers
     1.0000   1.0000   1.0000   1.0000   1.0000   1.0000   0.9999   0.9999
     0.1811   0.0557   0.0017   0.0000   0.0000   0.0000   0.0000   0.0000
     0.0000   0.0000

          k = 0.2000 0.2000 0.0000 (  1554 PWs)   bands (ev):

    -1.2430   6.4627   7.1478   7.3263   8.7358   8.8934  11.4089  11.5832
    13.3893  13.9787  14.4285  15.6224  16.3063  16.7077  17.2705  18.0055
    20.5213  22.2421

     occupation numbers
     1.0000   1.0000   1.0000   1.0000   1.0000   1.0000   0.9997   0.9988
     0.2388   0.0265   0.0020   0.0000   0.0000   0.0000   0.0000   0.0000
     0.0000   0.0000

          k = 0.1800 0.1800 0.0000 (  1558 PWs)   bands (ev):

    -1.3185   6.5778   7.1536   7.2902   8.7581   8.8900  11.5503  11.8633
    13.3154  14.1259  14.3992  15.7666  16.3046  16.5890  17.0896  17.7275
    20.4123  21.8706

     occupation numbers
     1.0000   1.0000   1.0000   1.0000   1.0000   1.0000   0.9991   0.9931
     0.2889   0.0125   0.0025   0.0000   0.0000   0.0000   0.0000   0.0000
     0.0000   0.0000

          k = 0.1600 0.1600 0.0000 (  1554 PWs)   bands (ev):

    -1.3861   6.6942   7.1612   7.2625   8.7833   8.8892  11.6916  12.1499
    13.2718  14.2510  14.3774  15.8646  16.3358  16.5065  16.8519  17.5272
    20.3020  21.5121

     occupation numbers
     1.0000   1.0000   1.0000   1.0000   1.0000   1.0000   0.9976   0.9690
     0.3207   0.0062   0.0029   0.0000   0.0000   0.0000   0.0000   0.0000
     0.0000   0.0000

          k = 0.1400 0.1400 0.0000 (  1552 PWs)   bands (ev):

    -1.4459   6.7957   7.1662   7.2377   8.8077   8.8920  11.8084  12.4389
    13.2659  14.3513  14.3584  15.8681  16.4003  16.5029  16.5626  17.3933
    20.1919  21.1684

     occupation numbers
     1.0000   1.0000   1.0000   1.0000   1.0000   1.0000   0.9950   0.8972
     0.3251   0.0034   0.0032   0.0000   0.0000   0.0000   0.0000   0.0000
     0.0000   0.0000

          k = 0.1200 0.1200 0.0000 (  1552 PWs)   bands (ev):

    -1.4977   6.8867   7.1665   7.2162   8.8281   8.8923  11.8998  12.7276
    13.3059  14.3424  14.4268  15.7678  16.2499  16.4948  16.5823  17.3009
    20.0827  20.8422

     occupation numbers
     1.0000   1.0000   1.0000   1.0000   1.0000   1.0000   0.9915   0.7471
     0.2957   0.0036   0.0021   0.0000   0.0000   0.0000   0.0000   0.0000
     0.0000   0.0000

          k = 0.1000 0.1000 0.0000 (  1552 PWs)   bands (ev):

    -1.5416   6.9663   7.1662   7.1980   8.8462   8.8931  11.9623  13.0167
    13.3958  14.3292  14.4801  15.6054  15.9311  16.6130  16.7002  17.2332
    19.9777  20.5380

     occupation numbers
     1.0000   1.0000   1.0000   1.0000   1.0000   1.0000   0.9880   0.5257
     0.2347   0.0039   0.0015   0.0000   0.0000   0.0000   0.0000   0.0000
     0.0000   0.0000

          k = 0.0800 0.0800 0.0000 (  1553 PWs)   bands (ev):

    -1.5776   7.0334   7.1630   7.1832   8.8618   8.8929  11.9987  13.3033
    13.5330  14.3187  14.5154  15.4084  15.6151  16.7446  16.8234  17.1825
    19.8802  20.2623

     occupation numbers
     1.0000   1.0000   1.0000   1.0000   1.0000   1.0000   0.9854   0.2976
     0.1565   0.0041   0.0011   0.0000   0.0000   0.0000   0.0000   0.0000
     0.0000   0.0000

          k = 0.0600 0.0600 0.0000 (  1545 PWs)   bands (ev):

    -1.6056   7.0901   7.1669   7.1831   8.8839   8.8976  12.0164  13.5907
    13.7118  14.3210  14.5375  15.1928  15.3080  16.8763  16.9346  17.1451
    19.7963  20.0257

     occupation numbers
     1.0000   1.0000   1.0000   1.0000   1.0000   1.0000   0.9840   0.1295
     0.0837   0.0041   0.0010   0.0000   0.0000   0.0000   0.0000   0.0000
     0.0000   0.0000

          k = 0.0400 0.0400 0.0000 (  1539 PWs)   bands (ev):

    -1.6256   7.1403   7.1675   7.1777   8.8971   8.9047  12.0228  13.8704
    13.9257  14.3180  14.5502  14.9611  15.0153  16.9908  17.0227  17.1192
    19.7311  19.8385

     occupation numbers
     1.0000   1.0000   1.0000   1.0000   1.0000   1.0000   0.9834   0.0436
     0.0340   0.0041   0.0009   0.0000   0.0000   0.0000   0.0000   0.0000
     0.0000   0.0000

          k = 0.0200 0.0200 0.0000 (  1541 PWs)   bands (ev):

    -1.6376   7.1665   7.1682   7.1711   8.8882   8.9093  12.0235  14.1352
    14.1539  14.3132  14.5567  14.7235  14.7397  17.0703  17.0793  17.1039
    19.6844  19.7174

     occupation numbers
     1.0000   1.0000   1.0000   1.0000   1.0000   1.0000   0.9834   0.0119
     0.0107   0.0043   0.0009   0.0002   0.0002   0.0000   0.0000   0.0000
     0.0000   0.0000

          k = 0.0000 0.0000 0.0000 (  1591 PWs)   bands (ev):

    -1.6416   7.1405   7.1405   7.1405   8.8383   8.8383  12.0233  14.2859
    14.2859  14.2859  14.5587  14.5587  14.5587  17.0989  17.0989  17.0989
    19.6583  19.6583

     occupation numbers
     1.0000   1.0000   1.0000   1.0000   1.0000   1.0000   0.9834   0.0050
     0.0050   0.0050   0.0008   0.0008   0.0008   0.0000   0.0000   0.0000
     0.0000   0.0000