   1      0.000000  0.5000  0.5000  0.5000
   2      0.054414  0.4900  0.4900  0.4900
   3      0.108828  0.4800  0.4800  0.4800
   4      0.163242  0.4700  0.4700  0.4700
   5      0.217656  0.4600  0.4600  0.4600
   6      0.272070  0.4500  0.4500  0.4500
   7      0.326484  0.4400  0.4400  0.4400
   8      0.380898  0.4300  0.4300  0.4300
   9      0.435312  0.4200  0.4200  0.4200
  10      0.489726  0.4100  0.4100  0.4100
  11      0.544140  0.4000  0.4000  0.4000
  12      0.598554  0.3900  0.3900  0.3900
  13      0.652968  0.3800  0.3800  0.3800
  14      0.707382  0.3700  0.3700  0.3700
  15      0.761796  0.3600  0.3600  0.3600
  16      0.816210  0.3500  0.3500  0.3500
  17      0.870624  0.3400  0.3400  0.3400
  18      0.925038  0.3300  0.3300  0.3300
  19      0.979452  0.3200  0.3200  0.3200
  20      1.033866  0.3100  0.3100  0.3100
  21      1.088280  0.3000  0.3000  0.3000
  22      1.142694  0.2900  0.2900  0.2900
  23      1.197108  0.2800  0.2800  0.2800
  24      1.251522  0.2700  0.2700  0.2700
  25      1.305936  0.2600  0.2600  0.2600
  26      1.360350  0.2500  0.2500  0.2500
  27      1.414764  0.2400  0.2400  0.2400
  28      1.469177  0.2300  0.2300  0.2300
  29      1.523591  0.2200  0.2200  0.2200
  30      1.578005  0.2100  0.2100  0.2100
  31      1.632419  0.2000  0.2000  0.2000
  32      1.686833  0.1900  0.1900  0.1900
  33      1.741247  0.1800  0.1800  0.1800
  34      1.795661  0.1700  0.1700  0.1700
  35      1.850075  0.1600  0.1600  0.1600
  36      1.904489  0.1500  0.1500  0.1500
  37      1.958903  0.1400  0.1400  0.1400
  38      2.013317  0.1300  0.1300  0.1300
  39      2.067731  0.1200  0.1200  0.1200
  40      2.122145  0.1100  0.1100  0.1100
  41      2.176559  0.1000  0.1000  0.1000
  42      2.230973  0.0900  0.0900  0.0900
  43      2.285387  0.0800  0.0800  0.0800
  44      2.339801  0.0700  0.0700  0.0700
  45      2.394215  0.0600  0.0600  0.0600
  46      2.448629  0.0500  0.0500  0.0500
  47      2.503043  0.0400  0.0400  0.0400
  48      2.557457  0.0300  0.0300  0.0300
  49      2.611871  0.0200  0.0200  0.0200
  50      2.666285  0.0100  0.0100  0.0100
  51      2.720699  0.0000  0.0000  0.0000
  52      2.720699  0.0000  0.0000  0.0000
  53      2.783531  0.0200  0.0000  0.0000
  54      2.846363  0.0400  0.0000  0.0000
  55      2.909195  0.0600  0.0000  0.0000
  56      2.972026  0.0800  0.0000  0.0000
  57      3.034858  0.1000  0.0000  0.0000
  58      3.097690  0.1200  0.0000  0.0000
  59      3.160522  0.1400  0.0000  0.0000
  60      3.223354  0.1600  0.0000  0.0000
  61      3.286186  0.1800  0.0000  0.0000
  62      3.349018  0.2000  0.0000  0.0000
  63      3.411849  0.2200  0.0000  0.0000
  64      3.474681  0.2400  0.0000  0.0000
  65      3.537513  0.2600  0.0000  0.0000
  66      3.600345  0.2800  0.0000  0.0000
  67      3.663177  0.3000  0.0000  0.0000
  68      3.726009  0.3200  0.0000  0.0000
  69      3.788841  0.3400  0.0000  0.0000
  70      3.851672  0.3600  0.0000  0.0000
  71      3.914504  0.3800  0.0000  0.0000
  72      3.977336  0.4000  0.0000  0.0000
  73      4.040168  0.4200  0.0000  0.0000
  74      4.103000  0.4400  0.0000  0.0000
  75      4.165832  0.4600  0.0000  0.0000
  76      4.228664  0.4800  0.0000  0.0000
  77      4.291495  0.5000  0.0000  0.0000
  78      4.354327  0.5200  0.0000  0.0000
  79      4.417159  0.5400  0.0000  0.0000
  80      4.479991  0.5600  0.0000  0.0000
  81      4.542823  0.5800  0.0000  0.0000
  82      4.605655  0.6000  0.0000  0.0000
  83      4.668486  0.6200  0.0000  0.0000
  84      4.731318  0.6400  0.0000  0.0000
  85      4.794150  0.6600  0.0000  0.0000
  86      4.856982  0.6800  0.0000  0.0000
  87      4.919814  0.7000  0.0000  0.0000
  88      4.982646  0.7200  0.0000  0.0000
  89      5.045478  0.7400  0.0000  0.0000
  90      5.108309  0.7600  0.0000  0.0000
  91      5.171141  0.7800  0.0000  0.0000
  92      5.233973  0.8000  0.0000  0.0000
  93      5.296805  0.8200  0.0000  0.0000
  94      5.359637  0.8400  0.0000  0.0000
  95      5.422469  0.8600  0.0000  0.0000
  96      5.485301  0.8800  0.0000  0.0000
  97      5.548132  0.9000  0.0000  0.0000
  98      5.610964  0.9200  0.0000  0.0000
  99      5.673796  0.9400  0.0000  0.0000
 100      5.736628  0.9600  0.0000  0.0000
 101      5.799460  0.9800  0.0000  0.0000
 102      5.862292  1.0000  0.0000  0.0000
 103      5.862292  1.0000  1.0000  0.0000
 104      5.951149  0.9800  0.9800  0.0000
 105      6.040007  0.9600  0.9600  0.0000
 106      6.128865  0.9400  0.9400  0.0000
 107      6.217722  0.9200  0.9200  0.0000
 108      6.306580  0.9000  0.9000  0.0000
 109      6.395438  0.8800  0.8800  0.0000
 110      6.484295  0.8600  0.8600  0.0000
 111      6.573153  0.8400  0.8400  0.0000
 112      6.662011  0.8200  0.8200  0.0000
 113      6.750868  0.8000  0.8000  0.0000
 114      6.839726  0.7800  0.7800  0.0000
 115      6.928584  0.7600  0.7600  0.0000
 116      7.017441  0.7400  0.7400  0.0000
 117      7.106299  0.7200  0.7200  0.0000
 118      7.195157  0.7000  0.7000  0.0000
 119      7.284014  0.6800  0.6800  0.0000
 120      7.372872  0.6600  0.6600  0.0000
 121      7.461730  0.6400  0.6400  0.0000
 122      7.550587  0.6200  0.6200  0.0000
 123      7.639445  0.6000  0.6000  0.0000
 124      7.728303  0.5800  0.5800  0.0000
 125      7.817160  0.5600  0.5600  0.0000
 126      7.906018  0.5400  0.5400  0.0000
 127      7.994876  0.5200  0.5200  0.0000
 128      8.083733  0.5000  0.5000  0.0000
 129      8.172591  0.4800  0.4800  0.0000
 130      8.261448  0.4600  0.4600  0.0000
 131      8.350306  0.4400  0.4400  0.0000
 132      8.439164  0.4200  0.4200  0.0000
 133      8.528021  0.4000  0.4000  0.0000
 134      8.616879  0.3800  0.3800  0.0000
 135      8.705737  0.3600  0.3600  0.0000
 136      8.794594  0.3400  0.3400  0.0000
 137      8.883452  0.3200  0.3200  0.0000
 138      8.972310  0.3000  0.3000  0.0000
 139      9.061167  0.2800  0.2800  0.0000
 140      9.150025  0.2600  0.2600  0.0000
 141      9.238883  0.2400  0.2400  0.0000
 142      9.327740  0.2200  0.2200  0.0000
 143      9.416598  0.2000  0.2000  0.0000
 144      9.505456  0.1800  0.1800  0.0000
 145      9.594313  0.1600  0.1600  0.0000
 146      9.683171  0.1400  0.1400  0.0000
 147      9.772029  0.1200  0.1200  0.0000
 148      9.860886  0.1000  0.1000  0.0000
 149      9.949744  0.0800  0.0800  0.0000
 150     10.038602  0.0600  0.0600  0.0000
 151     10.127459  0.0400  0.0400  0.0000
 152     10.216317  0.0200  0.0200  0.0000
 153     10.305175  0.0000  0.0000  0.0000