0.00000083    0.00000394   -0.00000120
0.00000009    0.00000216    0.00000210
0.00000196    0.00000044    0.00000114
0.00000180    0.00000190    0.00000187
-0.00001982   -0.00001935   -0.00001913
0.00000102   -0.00000255    0.00000121
-0.00000181    0.00000201   -0.00000197
0.00000165   -0.00000181   -0.00000172
0.00000188    0.00000199   -0.00000121
-0.00002047   -0.00001997    0.00001919
-0.00000206   -0.00000412   -0.00000005
0.00000055   -0.00000181    0.00000132
0.00000196    0.00000014    0.00000154
0.00000178   -0.00000124    0.00000023
-0.00002057    0.00001748   -0.00002029
-0.00000116    0.00000229   -0.00000020
0.00000181   -0.00000167   -0.00000149
0.00000164    0.00000171   -0.00000211
0.00000184   -0.00000168   -0.00000183
-0.00002017    0.00002063    0.00002115
-0.00000064    0.00000341   -0.00000239
-0.00000125    0.00000186    0.00000240
-0.00000185    0.00000133    0.00000170
-0.00000183    0.00000127   -0.00000086
0.00001997   -0.00002074   -0.00001895
-0.00000114   -0.00000300    0.00000234
0.00000219    0.00000216   -0.00000195
-0.00000174   -0.00000037   -0.00000126
-0.00000193    0.00000096    0.00000039
0.00002052   -0.00001838    0.00001921
0.00000217   -0.00000343   -0.00000108
-0.00000049   -0.00000164    0.00000128
-0.00000181   -0.00000025    0.00000234
-0.00000170   -0.00000069   -0.00000083
0.00002056    0.00002049   -0.00002121
0.00000124    0.00000307    0.00000089
-0.00000181   -0.00000181   -0.00000165
-0.00000179   -0.00000193   -0.00000143
-0.00000168   -0.00000149   -0.00000013
0.00002028    0.00001872    0.00002265
