0.000115653  -0.000096386  -0.000100328
-0.000325891   0.249605523   0.249492995
0.250511222  -0.000392611   0.250119777
0.249863625   0.250431052   0.000240009
0.250141367   0.249938058   0.250017206
-0.000045288   0.000035689   0.499988386
-0.000033896   0.249599050   0.750004864
0.250133894   0.000060530   0.749745217
0.250343547   0.249924461   0.499900947
0.249975902   0.250065320   0.750151470
-0.000190378   0.500047683  -0.000136898
0.000188450   0.749963414   0.250241180
0.249726582   0.500217494   0.249754152
0.250387469   0.750061561   0.000101323
0.249909953   0.750069523   0.250230662
0.000174792   0.499875828   0.500231864
-0.000199769   0.750074138   0.750231134
0.250107085   0.500087193   0.749956111
0.249573009   0.750175662   0.499686624
0.249877200   0.750102274   0.749946009
0.499831864  -0.000026396  -0.000038577
0.499842431   0.250204882   0.249962078
0.750159483  -0.000122139   0.249860572
0.749749476   0.250334688   0.000079999
0.749857655   0.250042763   0.249758469
0.500017001  -0.000021318   0.499991019
0.499990831   0.249821859   0.750362308
0.749998014   0.000293017   0.750117023
0.750239978   0.249555304   0.500168185
0.749828301   0.250064237   0.749983104
0.500060069   0.499933656   0.000033208
0.500295399   0.750455916   0.250184191
0.749907098   0.499972917   0.250273923
0.749799372   0.749539500  -0.000025594
0.749964049   0.750061307   0.249869005
0.500059257   0.500082468   0.499944699
0.500407612   0.749898341   0.750255620
0.749726913   0.499888562   0.750159583
0.750321252   0.750067091   0.499603629
0.750165144   0.750059917   0.750043595
