------------------------------------
AVERAGE
------------------------------------
population
case 0: 299.0 293.0 293.0 293.0 291.0 291.0 288.0 
case 1: 498.0 494.0 494.0 487.0 486.0 486.0 486.0 
case 2: 282.0 282.0 282.0 282.0 282.0 282.0 282.0 
case 3: 347.0 347.0 347.0 346.0 331.0 331.0 331.0 
case 4: 2872.0 2871.0 2823.0 2773.0 2708.0 2708.0 2708.0 

iteration
case 0: 319.0 308.0 307.0 294.0 294.0 294.0 294.0 294.0 291.0 291.0 
case 1: 507.0 493.0 493.0 489.0 489.0 480.0 480.0 480.0 480.0 475.0 
case 2: 305.0 293.0 293.0 293.0 292.0 292.0 292.0 292.0 292.0 292.0 
case 3: 348.0 338.0 332.0 332.0 332.0 332.0 332.0 332.0 332.0 327.0 
case 4: 3145.0 3071.0 2955.0 2847.0 2808.0 2808.0 2768.0 2768.0 2739.0 2670.0 

crossover rate
case 0: 288.0 286.0 286.0 286.0 286.0 
case 1: 493.0 490.0 490.0 490.0 489.0 
case 2: 297.0 297.0 297.0 296.0 296.0 
case 3: 366.0 358.0 358.0 358.0 354.0 
case 4: 2790.0 2779.0 2779.0 2742.0 2742.0 

mutation rate
case 0: 299.0 295.0 293.0 293.0 293.0 
case 1: 483.0 478.0 478.0 478.0 478.0 
case 2: 278.0 274.0 274.0 274.0 274.0 
case 3: 329.0 329.0 329.0 329.0 329.0 
case 4: 2802.0 2802.0 2792.0 2792.0 2792.0 

