tway 2
parameter 6 8 10 12 14 16 18 20 22 24 26 28 30 32 34 36 38 40 42 
value 2 3 4 5 6 7 8 9 10 
# t = 2
CA(N;2,6,2) 0.739 0.761 0.760 0.791 0.845 0.886 0.908 0.929 1.014 1.081 
CA(N;2,6,3) 0.811 0.832 0.831 0.860 0.908 0.937 0.967 0.979 1.048 1.079 
CA(N;2,6,4) 0.846 0.850 0.864 0.871 0.918 0.950 0.958 1.002 1.044 1.110 
CA(N;2,6,5) 0.845 0.851 0.860 0.882 0.923 0.956 0.971 0.996 1.053 1.101 
CA(N;2,6,6) 0.830 0.841 0.851 0.869 0.917 0.945 0.954 0.987 1.048 1.102 
CA(N;2,6,7) 0.820 0.840 0.855 0.868 0.914 0.957 0.978 0.992 1.057 1.103 
CA(N;2,6,8) 0.819 0.830 0.847 0.866 0.909 0.946 0.968 0.982 1.044 1.085 
CA(N;2,6,9) 0.821 0.830 0.839 0.858 0.909 0.932 0.963 0.977 1.048 1.079 
CA(N;2,6,10) 0.823 0.818 0.832 0.861 0.906 0.927 0.959 0.973 1.038 1.081 
CA(N;2,8,2) 0.738 0.747 0.752 0.792 0.831 0.875 0.900 0.930 0.997 1.061 
CA(N;2,8,3) 0.830 0.837 0.846 0.876 0.921 0.953 0.967 0.991 1.073 1.110 
CA(N;2,8,4) 0.844 0.856 0.862 0.884 0.924 0.963 0.969 1.009 1.071 1.117 
CA(N;2,8,5) 0.863 0.867 0.881 0.896 0.938 0.968 0.987 1.000 1.062 1.115 
CA(N;2,8,6) 0.866 0.883 0.886 0.910 0.947 0.972 0.995 1.010 1.063 1.123 
CA(N;2,8,7) 0.868 0.871 0.891 0.912 0.955 0.979 0.999 1.036 1.061 1.111 
CA(N;2,8,8) 0.874 0.876 0.896 0.913 0.958 0.966 0.998 1.011 1.071 1.121 
CA(N;2,8,9) 0.871 0.886 0.899 0.915 0.963 0.974 0.999 1.012 1.063 1.111 
CA(N;2,8,10) 0.867 0.879 0.885 0.920 0.942 0.980 0.993 1.015 1.061 1.111 
CA(N;2,10,2) 0.728 0.733 0.738 0.775 0.832 0.880 0.908 0.947 1.004 1.088 
CA(N;2,10,3) 0.822 0.834 0.829 0.878 0.915 0.959 0.981 1.005 1.064 1.129 
CA(N;2,10,4) 0.855 0.859 0.881 0.894 0.947 0.970 0.997 1.011 1.080 1.126 
CA(N;2,10,5) 0.868 0.868 0.881 0.906 0.953 0.965 0.993 1.011 1.065 1.110 
CA(N;2,10,6) 0.874 0.886 0.888 0.923 0.957 0.978 1.004 1.032 1.077 1.110 
CA(N;2,10,7) 0.877 0.891 0.903 0.931 0.963 0.993 1.002 1.020 1.080 1.123 
CA(N;2,10,8) 0.893 0.903 0.907 0.935 0.967 0.990 1.020 1.032 1.076 1.108 
CA(N;2,10,9) 0.893 0.903 0.913 0.937 0.978 0.991 1.014 1.034 1.080 1.115 
CA(N;2,10,10) 0.904 0.908 0.919 0.936 0.973 0.990 1.013 1.033 1.077 1.125 
CA(N;2,12,2) 0.727 0.752 0.764 0.799 0.845 0.876 0.916 0.952 1.000 1.066 
CA(N;2,12,3) 0.833 0.857 0.869 0.891 0.931 0.968 0.993 1.017 1.083 1.130 
CA(N;2,12,4) 0.859 0.876 0.876 0.899 0.936 0.975 0.989 1.023 1.077 1.119 
CA(N;2,12,5) 0.878 0.880 0.890 0.924 0.953 0.979 0.999 1.014 1.067 1.100 
CA(N;2,12,6) 0.883 0.893 0.904 0.920 0.958 0.984 1.013 1.021 1.074 1.110 
CA(N;2,12,7) 0.900 0.915 0.910 0.937 0.974 0.995 1.015 1.027 1.072 1.120 
CA(N;2,12,8) 0.895 0.923 0.919 0.945 0.977 0.993 1.005 1.039 1.077 1.122 
CA(N;2,12,9) 0.917 0.920 0.936 0.952 0.984 0.994 1.024 1.034 1.091 1.125 
CA(N;2,12,10) 0.915 0.926 0.930 0.945 0.973 1.015 1.028 1.023 1.086 1.122 
CA(N;2,14,2) 0.737 0.748 0.753 0.789 0.856 0.878 0.928 0.950 1.024 1.074 
CA(N;2,14,3) 0.835 0.855 0.863 0.890 0.940 0.980 0.980 1.009 1.082 1.135 
CA(N;2,14,4) 0.855 0.864 0.890 0.902 0.955 0.972 1.006 1.021 1.088 1.107 
CA(N;2,14,5) 0.888 0.885 0.900 0.923 0.959 0.992 1.009 1.010 1.076 1.122 
CA(N;2,14,6) 0.897 0.900 0.917 0.942 0.962 0.984 1.011 1.026 1.069 1.106 
CA(N;2,14,7) 0.904 0.914 0.926 0.948 0.982 0.999 1.020 1.040 1.074 1.113 
CA(N;2,14,8) 0.907 0.916 0.937 0.946 0.979 0.999 1.017 1.040 1.073 1.118 
CA(N;2,14,9) 0.920 0.927 0.951 0.957 0.982 1.009 1.024 1.047 1.081 1.117 
CA(N;2,14,10) 0.927 0.935 0.954 0.955 0.993 1.015 1.019 1.040 1.077 1.116 
CA(N;2,16,2) 0.730 0.744 0.767 0.794 0.855 0.903 0.929 0.955 1.021 1.074 
CA(N;2,16,3) 0.843 0.857 0.868 0.883 0.935 0.948 1.008 1.000 1.076 1.114 
CA(N;2,16,4) 0.872 0.890 0.882 0.915 0.944 0.983 1.008 1.014 1.074 1.126 
CA(N;2,16,5) 0.888 0.898 0.904 0.922 0.965 1.002 1.020 1.032 1.069 1.120 
CA(N;2,16,6) 0.903 0.906 0.913 0.948 0.977 0.995 1.018 1.039 1.087 1.123 
CA(N;2,16,7) 0.914 0.911 0.938 0.960 0.976 1.007 1.026 1.042 1.093 1.133 
CA(N;2,16,8) 0.920 0.932 0.940 0.950 0.993 1.001 1.038 1.034 1.092 1.118 
CA(N;2,16,9) 0.927 0.931 0.949 0.963 0.989 1.015 1.032 1.044 1.083 1.121 
CA(N;2,16,10) 0.930 0.940 0.950 0.963 0.994 1.005 1.036 1.040 1.090 1.129 
CA(N;2,18,2) 0.731 0.754 0.767 0.795 0.860 0.893 0.933 0.953 1.022 1.079 
CA(N;2,18,3) 0.843 0.852 0.876 0.892 0.929 0.962 0.994 1.018 1.068 1.115 
CA(N;2,18,4) 0.885 0.874 0.896 0.902 0.963 0.990 1.009 1.030 1.081 1.116 
CA(N;2,18,5) 0.891 0.908 0.922 0.930 0.976 0.996 1.017 1.036 1.085 1.129 
CA(N;2,18,6) 0.910 0.919 0.916 0.956 0.972 0.996 1.016 1.043 1.077 1.113 
CA(N;2,18,7) 0.919 0.922 0.931 0.953 0.976 1.008 1.035 1.044 1.072 1.101 
CA(N;2,18,8) 0.933 0.939 0.943 0.958 0.988 1.012 1.035 1.037 1.080 1.128 
CA(N;2,18,9) 0.928 0.937 0.952 0.973 0.992 1.010 1.034 1.041 1.090 1.113 
CA(N;2,18,10) 0.938 0.948 0.953 0.970 0.991 1.016 1.044 1.042 1.090 1.117 
CA(N;2,20,2) 0.736 0.753 0.763 0.804 0.863 0.885 0.932 0.960 1.032 1.097 
CA(N;2,20,3) 0.834 0.863 0.878 0.893 0.939 0.971 1.001 1.022 1.084 1.123 
CA(N;2,20,4) 0.884 0.881 0.903 0.932 0.966 0.996 1.021 1.030 1.075 1.120 
CA(N;2,20,5) 0.904 0.924 0.917 0.945 0.966 0.999 1.016 1.040 1.085 1.125 
CA(N;2,20,6) 0.912 0.917 0.939 0.954 0.975 1.009 1.022 1.031 1.082 1.115 
CA(N;2,20,7) 0.924 0.919 0.942 0.965 0.984 1.012 1.030 1.037 1.078 1.118 
CA(N;2,20,8) 0.928 0.941 0.936 0.962 1.001 1.009 1.028 1.041 1.077 1.115 
CA(N;2,20,9) 0.946 0.939 0.956 0.972 0.997 1.030 1.047 1.048 1.087 1.105 
CA(N;2,20,10) 0.944 0.941 0.967 0.991 1.013 1.016 1.030 1.043 1.097 1.127 
CA(N;2,22,2) 0.727 0.756 0.769 0.809 0.860 0.897 0.930 0.957 1.016 1.085 
CA(N;2,22,3) 0.838 0.843 0.870 0.890 0.928 0.962 0.993 1.030 1.072 1.127 
CA(N;2,22,4) 0.888 0.895 0.907 0.927 0.967 0.993 1.014 1.035 1.080 1.122 
CA(N;2,22,5) 0.905 0.920 0.928 0.950 0.980 1.003 1.016 1.051 1.085 1.119 
CA(N;2,22,6) 0.916 0.935 0.938 0.959 0.974 1.003 1.016 1.049 1.088 1.113 
CA(N;2,22,7) 0.925 0.932 0.956 0.956 0.988 1.019 1.023 1.045 1.084 1.136 
CA(N;2,22,8) 0.942 0.938 0.956 0.962 0.993 1.015 1.042 1.045 1.080 1.109 
CA(N;2,22,9) 0.944 0.956 0.966 0.983 1.009 1.031 1.031 1.045 1.101 1.128 
CA(N;2,22,10) 0.961 0.955 0.966 0.980 1.007 1.026 1.041 1.063 1.086 1.102 
CA(N;2,24,2) 0.733 0.751 0.782 0.804 0.863 0.917 0.943 0.954 1.031 1.092 
CA(N;2,24,3) 0.831 0.863 0.875 0.881 0.940 0.977 0.997 1.015 1.082 1.124 
CA(N;2,24,4) 0.883 0.895 0.915 0.944 0.966 1.001 1.022 1.043 1.085 1.134 
CA(N;2,24,5) 0.913 0.922 0.924 0.953 0.976 1.007 1.018 1.045 1.084 1.117 
CA(N;2,24,6) 0.931 0.925 0.945 0.960 0.985 1.008 1.027 1.048 1.095 1.116 
CA(N;2,24,7) 0.924 0.948 0.958 0.976 1.004 1.024 1.024 1.043 1.090 1.128 
CA(N;2,24,8) 0.939 0.951 0.963 0.984 0.998 1.023 1.055 1.049 1.080 1.125 
CA(N;2,24,9) 0.939 0.946 0.963 0.975 1.009 1.021 1.044 1.048 1.093 1.110 
CA(N;2,24,10) 0.956 0.962 0.967 0.989 1.013 1.029 1.047 1.065 1.094 1.118 
CA(N;2,26,2) 0.737 0.751 0.779 0.818 0.863 0.908 0.933 0.965 1.027 1.070 
CA(N;2,26,3) 0.837 0.871 0.869 0.900 0.937 0.974 0.995 1.000 1.084 1.117 
CA(N;2,26,4) 0.891 0.903 0.914 0.936 0.967 0.996 1.024 1.020 1.093 1.125 
CA(N;2,26,5) 0.912 0.928 0.932 0.959 0.982 0.999 1.033 1.034 1.094 1.139 
CA(N;2,26,6) 0.916 0.922 0.951 0.960 0.991 1.011 1.023 1.057 1.077 1.137 
CA(N;2,26,7) 0.943 0.954 0.949 0.975 1.000 1.025 1.033 1.051 1.077 1.117 
CA(N;2,26,8) 0.946 0.952 0.964 0.981 1.012 1.008 1.042 1.045 1.080 1.129 
CA(N;2,26,9) 0.930 0.953 0.962 0.979 1.010 1.023 1.038 1.060 1.092 1.123 
CA(N;2,26,10) 0.961 0.962 0.973 0.988 1.006 1.019 1.049 1.065 1.091 1.117 
CA(N;2,28,2) 0.754 0.766 0.775 0.828 0.873 0.910 0.938 0.958 1.030 1.077 
CA(N;2,28,3) 0.846 0.868 0.860 0.896 0.947 0.957 1.009 1.015 1.079 1.123 
CA(N;2,28,4) 0.885 0.910 0.916 0.935 0.966 0.999 1.013 1.028 1.089 1.136 
CA(N;2,28,5) 0.908 0.925 0.930 0.953 0.978 1.012 1.031 1.043 1.081 1.122 
CA(N;2,28,6) 0.928 0.940 0.948 0.974 0.991 1.013 1.039 1.043 1.084 1.128 
CA(N;2,28,7) 0.945 0.949 0.968 0.965 0.991 1.031 1.039 1.053 1.096 1.106 
CA(N;2,28,8) 0.945 0.959 0.952 0.980 1.003 1.019 1.036 1.055 1.091 1.122 
CA(N;2,28,9) 0.956 0.977 0.979 0.991 1.012 1.033 1.036 1.052 1.080 1.125 
CA(N;2,28,10) 0.960 0.973 0.979 0.997 1.023 1.038 1.039 1.052 1.089 1.111 
CA(N;2,30,2) 0.734 0.753 0.781 0.810 0.878 0.909 0.938 0.961 1.027 1.085 
CA(N;2,30,3) 0.854 0.855 0.883 0.892 0.938 0.977 0.995 1.022 1.071 1.112 
CA(N;2,30,4) 0.903 0.915 0.904 0.943 0.983 1.004 1.020 1.045 1.079 1.119 
CA(N;2,30,5) 0.906 0.923 0.941 0.955 0.983 1.015 1.034 1.041 1.082 1.111 
CA(N;2,30,6) 0.930 0.944 0.954 0.968 1.010 1.016 1.031 1.042 1.090 1.116 
CA(N;2,30,7) 0.951 0.944 0.970 0.978 1.009 1.025 1.035 1.052 1.091 1.122 
CA(N;2,30,8) 0.950 0.954 0.965 0.987 1.012 1.033 1.047 1.052 1.080 1.116 
CA(N;2,30,9) 0.952 0.974 0.972 0.982 1.012 1.026 1.042 1.064 1.093 1.118 
CA(N;2,30,10) 0.959 0.969 0.969 0.999 1.018 1.032 1.049 1.050 1.084 1.121 
CA(N;2,32,2) 0.758 0.759 0.785 0.801 0.861 0.915 0.928 0.949 1.025 1.086 
CA(N;2,32,3) 0.861 0.865 0.870 0.901 0.942 0.974 1.006 1.030 1.083 1.112 
CA(N;2,32,4) 0.892 0.909 0.926 0.943 0.965 0.993 1.018 1.032 1.108 1.126 
CA(N;2,32,5) 0.913 0.933 0.937 0.966 0.991 1.011 1.029 1.043 1.095 1.114 
CA(N;2,32,6) 0.931 0.947 0.956 0.978 1.008 1.014 1.035 1.054 1.098 1.119 
CA(N;2,32,7) 0.928 0.948 0.958 0.983 1.003 1.029 1.037 1.052 1.082 1.131 
CA(N;2,32,8) 0.953 0.952 0.974 0.998 1.017 1.029 1.038 1.062 1.084 1.119 
CA(N;2,32,9) 0.961 0.969 0.973 0.997 1.007 1.043 1.053 1.053 1.091 1.112 
CA(N;2,32,10) 0.971 0.967 0.985 0.983 1.017 1.034 1.042 1.057 1.083 1.110 
CA(N;2,34,2) 0.738 0.768 0.782 0.818 0.880 0.898 0.933 0.958 1.030 1.091 
CA(N;2,34,3) 0.848 0.863 0.877 0.896 0.948 0.977 1.004 1.034 1.070 1.112 
CA(N;2,34,4) 0.895 0.915 0.923 0.944 0.971 1.008 1.011 1.042 1.095 1.121 
CA(N;2,34,5) 0.932 0.936 0.943 0.965 0.992 1.029 1.044 1.042 1.101 1.128 
CA(N;2,34,6) 0.930 0.944 0.954 0.964 0.994 1.021 1.039 1.050 1.094 1.108 
CA(N;2,34,7) 0.961 0.964 0.975 0.982 1.003 1.019 1.038 1.051 1.097 1.127 
CA(N;2,34,8) 0.961 0.971 0.970 0.984 1.009 1.014 1.037 1.060 1.093 1.131 
CA(N;2,34,9) 0.970 0.967 0.974 0.991 1.011 1.035 1.047 1.058 1.086 1.120 
CA(N;2,34,10) 0.974 0.962 0.969 1.016 1.021 1.036 1.043 1.047 1.087 1.115 
CA(N;2,36,2) 0.744 0.764 0.788 0.832 0.869 0.911 0.937 0.957 1.023 1.086 
CA(N;2,36,3) 0.855 0.869 0.874 0.902 0.951 0.968 1.002 1.012 1.070 1.135 
CA(N;2,36,4) 0.905 0.911 0.927 0.936 0.969 1.002 1.032 1.028 1.095 1.125 
CA(N;2,36,5) 0.928 0.946 0.943 0.962 0.998 1.016 1.040 1.050 1.092 1.126 
CA(N;2,36,6) 0.941 0.955 0.965 0.977 0.998 1.020 1.039 1.042 1.090 1.125 
CA(N;2,36,7) 0.945 0.961 0.971 0.988 1.022 1.022 1.031 1.061 1.089 1.116 
CA(N;2,36,8) 0.962 0.970 0.977 0.992 1.012 1.032 1.052 1.050 1.104 1.108 
CA(N;2,36,9) 0.963 0.966 0.976 0.998 1.025 1.037 1.053 1.064 1.090 1.101 
CA(N;2,36,10) 0.969 0.981 0.976 1.001 1.026 1.037 1.059 1.071 1.090 1.124 
CA(N;2,38,2) 0.747 0.783 0.794 0.828 0.866 0.915 0.935 0.960 1.024 1.095 
CA(N;2,38,3) 0.855 0.870 0.881 0.898 0.964 0.977 1.013 1.013 1.062 1.121 
CA(N;2,38,4) 0.901 0.913 0.926 0.963 0.986 1.005 1.024 1.031 1.088 1.134 
CA(N;2,38,5) 0.924 0.949 0.951 0.974 0.996 1.034 1.044 1.051 1.088 1.125 
CA(N;2,38,6) 0.947 0.952 0.952 0.975 1.004 1.034 1.043 1.045 1.095 1.117 
CA(N;2,38,7) 0.951 0.970 0.970 0.978 1.003 1.025 1.051 1.050 1.088 1.109 
CA(N;2,38,8) 0.957 0.976 0.986 0.996 1.013 1.036 1.047 1.051 1.097 1.106 
CA(N;2,38,9) 0.980 0.973 0.984 0.997 1.012 1.040 1.044 1.065 1.085 1.116 
CA(N;2,38,10) 0.968 0.977 0.976 1.008 1.018 1.048 1.050 1.059 1.093 1.114 
CA(N;2,40,2) 0.751 0.755 0.790 0.818 0.874 0.901 0.944 0.944 1.036 1.087 
CA(N;2,40,3) 0.852 0.868 0.884 0.909 0.952 0.968 0.999 1.026 1.072 1.138 
CA(N;2,40,4) 0.905 0.911 0.927 0.949 0.989 1.005 1.038 1.042 1.096 1.129 
CA(N;2,40,5) 0.922 0.951 0.949 0.962 0.997 1.015 1.039 1.041 1.081 1.126 
CA(N;2,40,6) 0.943 0.960 0.962 0.970 1.006 1.025 1.036 1.043 1.090 1.120 
CA(N;2,40,7) 0.964 0.960 0.970 0.985 1.011 1.026 1.047 1.057 1.098 1.118 
CA(N;2,40,8) 0.970 0.973 0.976 1.002 1.025 1.044 1.048 1.050 1.094 1.128 
CA(N;2,40,9) 0.964 0.980 0.981 0.999 1.012 1.034 1.043 1.059 1.085 1.111 
CA(N;2,40,10) 0.978 0.991 0.996 1.001 1.028 1.046 1.047 1.068 1.085 1.107 
CA(N;2,42,2) 0.751 0.791 0.784 0.816 0.873 0.903 0.947 0.968 1.030 1.088 
CA(N;2,42,3) 0.855 0.873 0.886 0.902 0.956 0.978 1.005 1.021 1.077 1.124 
CA(N;2,42,4) 0.910 0.917 0.921 0.946 0.990 0.999 1.022 1.050 1.086 1.123 
CA(N;2,42,5) 0.936 0.935 0.943 0.976 1.004 1.017 1.040 1.047 1.087 1.133 
CA(N;2,42,6) 0.954 0.956 0.970 0.983 1.011 1.023 1.049 1.064 1.093 1.121 
CA(N;2,42,7) 0.962 0.970 0.969 1.000 1.019 1.036 1.048 1.058 1.092 1.129 
CA(N;2,42,8) 0.977 0.982 0.981 0.993 1.027 1.039 1.053 1.066 1.090 1.116 
CA(N;2,42,9) 0.979 0.979 0.982 1.010 1.017 1.041 1.042 1.059 1.087 1.105 
CA(N;2,42,10) 0.983 0.987 0.993 0.998 1.024 1.032 1.058 1.072 1.102 1.120 